08112016|182325|-388|11932|13476N
08112016|182327|-1936|3900|13496N
08112016|182329|-6308|5312|13236N
08112016|182331|-4848|8960|11308N
08112016|182333|-5416|10220|12936N
08112016|182335|-2544|12632|10796N
08112016|182337|1532|11852|10852N
08112016|182339|1664|11128|12024N
08112016|182341|392|11144|11620N
08112016|182343|1532|12052|10144N
08112016|182345|-200|11216|11592N
08112016|182347|-2388|7836|13420N
08112016|182349|1360|9872|16684N
08112016|182351|4016|6040|14452N
08112016|182353|4432|8348|13384N
08112016|182356|-128|1980|16144N
08112016|182358|-1044|1164|15716N
08112016|182400|-1096|1176|16036N
08112016|182402|-1212|1220|15944N
08112016|182404|-524|1548|16064N
08112016|182406|-988|1184|16044N
08112016|182408|-1396|1276|16092N
08112016|182410|-1472|936|15888N
08112016|182412|180|-5820|14696N
08112016|182414|-252|-5860|12216N
08112016|182416|3816|-5148|14596N
08112016|182418|15472|-7436|-2356N
08112016|182420|-900|-6364|-14052N
08112016|182422|-1728|2524|17408N
08112016|182424|1656|944|-16072N
08112016|182426|-2888|-36|-16820N
08112016|182428|3992|-5456|11304N
08112016|182430|184|-5388|14640N
08112016|182432|420|-5104|15312N
08112016|182434|-48|-11572|11776N
08112016|182436|1876|-328|14496N
08112016|182438|-5080|-32|14236N
08112016|182440|1788|-4900|14024N
08112016|182442|2580|-13568|11280N
08112016|182444|4484|-3388|16732N
08112016|182446|-4536|-8048|11712N
08112016|182448|7944|-9540|-12264N
08112016|182450|-8060|-9248|-32536N
08112016|182452|40|-5924|13528N
08112016|182454|5596|-11756|12740N
08112016|182456|200|1632|15804N
08112016|182458|284|1748|16008N
08112016|182500|236|1720|15944N
08112016|182502|232|1756|15760N
08112016|182504|280|1764|15992N
08112016|182506|208|1604|15940N
08112016|182508|172|1740|15804N
08112016|182510|140|1788|15940N
08112016|182512|220|1684|15872N
08112016|182514|28|1932|15624N
08112016|182516|236|1620|15924N
08112016|182518|288|1604|15672N
08112016|182520|240|1740|15808N
08112016|182523|284|1724|15852N
08112016|182525|1000|2068|15900N
08112016|182527|288|1748|15888N
08112016|182529|164|1764|15880N
08112016|182531|1460|2436|17284N
08112016|182533|-576|1964|15948N
08112016|182535|-948|1952|15560N
08112016|182537|-524|1872|16012N
08112016|182539|-636|1852|16036N
08112016|182541|-612|1860|15812N
08112016|182543|1808|-4344|15020N
08112016|182545|4092|-4284|14532N
08112016|182547|15428|-2720|-5496N
08112016|182549|-10024|-3764|-15328N
08112016|182551|5508|268|15692N
08112016|182553|6900|1608|14368N
08112016|182555|15128|1576|6120N
08112016|182557|-16200|2452|-1876N
08112016|182559|6196|3352|14416N
08112016|182601|12888|-5240|-10064N
08112016|182603|7028|-9460|9572N
08112016|182605|-1564|14980|2528N
08112016|182607|724|15576|-6444N
08112016|182609|528|15348|-5388N
08112016|182611|5672|12544|-7104N
08112016|182613|10984|7676|14644N
08112016|182615|6560|7696|11020N
08112016|182617|8928|8036|10716N
08112016|182619|5740|7192|14484N
08112016|182621|-8180|-5152|14780N
08112016|182623|-4540|1048|15440N
08112016|182625|-4224|3716|15096N
08112016|182627|1328|10664|12940N
08112016|182629|-1092|13948|7004N
08112016|182631|-812|14696|7972N
08112016|182633|3628|11184|10280N
08112016|182635|2684|10112|12780N
08112016|182637|-1152|9828|12940N
08112016|182639|-696|10328|9628N
08112016|182641|-1868|14340|-13040N
08112016|182643|-3608|8392|11460N
08112016|182646|-4368|10232|8256N
08112016|182648|-148|12728|9044N
08112016|182650|-1808|14204|-6456N
08112016|182652|-2920|14904|-10240N
08112016|182654|-500|12864|-5480N
08112016|182656|1096|14972|2008N
08112016|182658|-400|15864|1832N
08112016|182700|-404|16088|1372N
08112016|182702|-72|16404|1040N
08112016|182704|216|16024|356N
08112016|182706|212|16300|-92N
08112016|182708|220|16008|1044N
08112016|182710|-652|16248|112N
08112016|182712|1204|15940|-880N
08112016|182714|-224|16884|-740N
08112016|182716|520|16320|-56N
08112016|182718|704|15740|-1300N
08112016|182720|-648|15800|504N
08112016|182722|604|15588|-928N
08112016|182724|384|16620|-512N
08112016|182726|-48|16388|664N
08112016|182728|-4060|16600|-1384N
08112016|182730|-1988|13744|8124N
08112016|182732|456|14552|7480N
08112016|182734|-2416|15692|7948N
08112016|182736|1476|15784|5828N
08112016|182738|-1048|11548|-5072N
08112016|182740|-800|17304|-3380N
08112016|182742|2604|16080|3792N
08112016|182744|428|16836|1412N
08112016|182746|1792|15632|3436N
08112016|182748|-4260|13372|4620N
08112016|182750|-940|15840|-3972N
08112016|182752|-1556|15808|4468N
08112016|182754|-2804|16216|-2520N
08112016|182756|-3680|15616|-3644N
08112016|182758|-708|15180|6560N
08112016|182800|-4528|15848|-2592N
08112016|182802|-1484|16236|-508N
08112016|182804|-1856|16640|328N
08112016|182806|-5076|12656|8260N
08112016|182808|-13192|-2968|9812N
08112016|182810|-14472|-2628|4440N
08112016|182812|-14676|432|5496N
08112016|182815|-10448|6284|9888N
08112016|182817|-10404|8520|10036N
08112016|182819|-6096|4228|15092N
08112016|182821|-1408|-11108|10400N
08112016|182823|4108|6580|13016N
08112016|182825|2424|7464|15732N
08112016|182827|724|11684|10768N
08112016|182829|-7848|2020|13780N
08112016|182831|-7836|1740|14008N
08112016|182833|-7616|2284|13956N
08112016|182835|-7860|2132|13424N
08112016|182837|-6584|11080|14260N
08112016|182839|2232|15040|6580N
08112016|182841|9664|8552|9700N
08112016|182843|9388|9416|9272N
08112016|182845|772|7960|14452N
08112016|182847|968|7304|14528N
08112016|182849|912|7468|14108N
08112016|182851|928|7324|14312N
08112016|182853|944|7324|14144N
08112016|182855|856|7316|14408N
08112016|182857|692|7392|14544N
08112016|182859|1004|7216|14124N
08112016|182901|996|7368|14504N
08112016|182903|928|7464|14148N
08112016|182905|1304|7300|14308N
08112016|182907|980|7600|14296N
08112016|182909|1504|7328|14060N
08112016|182911|1244|7340|14248N
08112016|182913|1276|7348|14108N
08112016|182917|-5188|-12856|5920N
08112016|182919|1212|-13880|9468N
08112016|182921|-1260|-9516|12200N
08112016|182923|-2828|-4388|11144N
08112016|182925|-1196|14964|10076N
08112016|182927|-4568|14736|5204N
08112016|182929|-4372|25560|2712N
08112016|182931|-1288|19704|752N
08112016|182933|-5496|6616|10204N
08112016|182935|240|12792|12468N
08112016|182937|2752|14556|8988N
08112016|182939|1620|14380|6812N
08112016|182941|-2312|10156|15224N
08112016|182943|-436|13548|11568N
08112016|182945|-2076|15944|4984N
08112016|182947|224|14144|6536N
08112016|182949|-5180|14592|3680N
08112016|182951|-4272|14212|2492N
08112016|182953|2060|14940|6572N
08112016|182959|2220|12228|8564N
08112016|183001|1756|10744|11140N
08112016|183003|2352|12172|10028N
08112016|183005|1896|12584|11260N
08112016|183007|2036|12016|5568N
08112016|183009|4912|14788|-13636N
08112016|183011|10908|19956|164N
08112016|183013|-6704|14124|-3420N
08112016|183015|-6712|14668|-2472N
08112016|183017|-7752|13896|-2920N
08112016|183019|-8128|14220|-3160N
08112016|183021|-7680|13824|-3400N
08112016|183023|-7872|13712|-2744N
08112016|183025|-8100|14128|-3344N
08112016|183031|-8216|13956|-2704N
08112016|183033|-8704|14460|-4044N
08112016|183035|-7564|13296|-2784N
08112016|183037|-7952|14040|-3388N
08112016|183039|-7420|13592|-4044N
08112016|183041|-8500|14336|-3756N
08112016|183043|-7532|13560|-3088N
08112016|183045|-7728|13660|-2940N
08112016|183047|-7840|13636|-2912N
08112016|183050|-8044|13896|-3148N
08112016|183052|-7840|14496|-3724N
08112016|183054|-7996|13960|-3560N
08112016|185749|224|-136|15384N
08112016|185751|500|5660|20620N
08112016|185754|-8660|1708|13408N
08112016|185756|-3688|6892|15696N
08112016|185758|-1388|648|18548N
08112016|185800|-604|1604|15716N
08112016|185802|-7980|-736|13628N
08112016|185804|-11460|-496|9072N
08112016|185806|9456|844|12032N
08112016|185808|-16624|-8080|12992N
08112016|185810|1332|-5788|13388N
08112016|185812|4484|-2908|14332N
08112016|185817|8516|5020|13196N
08112016|185819|2088|4968|14760N
08112016|185821|7008|1784|16836N
08112016|185823|-572|-7224|15328N
08112016|185825|-816|-8116|13464N
08112016|185830|-1352|7924|13864N
08112016|185832|-3004|14072|11868N
08112016|185834|-2736|11940|11896N
08112016|185836|-1012|10692|13188N
08112016|185838|-18996|5624|7676N
08112016|185840|-10840|5756|2232N
08112016|185842|4024|12704|6372N
08112016|185844|-1820|14708|1540N
08112016|185846|-1748|16384|340N
08112016|185850|-2040|17768|6800N
08112016|185852|1352|14572|2952N
08112016|185854|1668|3968|15188N
08112016|185857|-3056|6652|15944N
08112016|185859|2000|380|19364N
08112016|185901|-2360|604|15548N
08112016|185903|-3672|8704|9564N
08112016|185905|5000|21584|-6692N
08112016|185907|-684|18928|-8596N
08112016|185909|552|17428|-6308N
08112016|185911|1060|16056|-7364N
08112016|185913|212|15928|-6136N
08112016|185915|2604|13284|-10612N
08112016|185917|-980|14692|-7760N
08112016|185919|-12|14572|-8364N
08112016|185921|224|13492|-8784N
08112016|185923|-324|14012|-6984N
08112016|185925|128|14156|-8720N
08112016|185927|-900|15812|-3908N
08112016|185929|856|14372|-8568N
08112016|185931|1224|14372|-7744N
08112016|185933|556|13120|-8408N
08112016|185935|1124|15000|-8344N
08112016|185938|600|14036|-8192N
08112016|185940|172|14628|-10316N
08112016|185942|1060|11344|-6900N
08112016|185944|928|12144|-8388N
08112016|185946|928|13776|-8588N
08112016|185948|148|14176|-7736N
08112016|185950|344|15328|-8360N
08112016|185952|1096|24976|-17616N
08112016|185954|3236|17252|-9444N
08112016|185956|-328|15444|-9516N
08112016|185958|1688|14136|-8888N
08112016|190000|2556|12984|-8532N
08112016|190002|944|11916|-7612N
08112016|190004|1216|15816|-11952N
08112016|190006|2644|18112|-11356N
08112016|190008|2256|13376|-7276N
08112016|190010|2084|14344|-8996N
08112016|190012|2132|14064|-8368N
08112016|190014|3168|15596|-7728N
08112016|190016|2364|16436|-9620N
08112016|190018|576|11624|-6964N
08112016|190020|2344|16040|-9272N
08112016|190022|2328|12928|-7844N
08112016|190024|948|12752|-8656N
08112016|190026|1000|14432|-8004N
08112016|190028|1728|13548|-8736N
08112016|190030|1884|14408|-8504N
08112016|190032|1528|14144|-8572N
08112016|190034|1600|14148|-8728N
08112016|190036|1716|13576|-8272N
08112016|190038|1200|14604|-8276N
08112016|190040|1812|14216|-9492N
08112016|190042|1420|13732|-8796N
08112016|190044|1160|15100|-8340N
08112016|190046|-156|14928|-7756N
08112016|190048|1676|16720|-8456N
08112016|190050|1076|15492|-8092N
08112016|190052|180|13616|-7936N
08112016|190054|1264|14072|-8872N
08112016|190056|716|14212|-7312N
08112016|190058|880|14396|-8012N
08112016|190100|788|14080|-8636N
08112016|190103|968|14024|-8788N
08112016|190105|676|14136|-7396N
08112016|190107|708|12936|-8500N
08112016|190109|1744|14084|-10044N
08112016|190111|2772|12984|-9424N
08112016|190113|2112|13000|-8984N
08112016|190115|560|12132|-9396N
08112016|190117|2112|13440|-9432N
08112016|190119|2112|13264|-9340N
08112016|190121|2024|13332|-9348N
08112016|190123|1672|13076|-8616N
08112016|190125|1312|13268|-9440N
08112016|190127|1108|13512|-9344N
08112016|190129|1596|14004|-8336N
08112016|190131|1516|13548|-7912N
08112016|190133|1248|12232|-9408N
08112016|190135|2752|13656|-9144N
08112016|190137|1716|12408|-8620N
08112016|190139|-524|13100|-8336N
08112016|190141|1772|15916|-14320N
08112016|190143|1244|17736|-15664N
08112016|190145|3176|64|-16568N
08112016|190147|2536|-1424|-14472N
08112016|190149|968|-2920|-14968N
08112016|190151|1680|1364|-16420N
08112016|190153|1540|2684|-16436N
08112016|190155|-3368|-4328|-21340N
08112016|190157|2552|1520|-16616N
08112016|190159|1916|272|-14364N
08112016|190201|1612|1788|-16268N
08112016|190203|2052|3520|-15488N
08112016|190205|1684|2248|-15264N
08112016|190207|2088|7292|-13868N
08112016|190209|1584|1720|-22140N
08112016|190211|800|-1392|-17916N
08112016|190213|1812|-1572|-16676N
08112016|190215|1140|-1728|-17468N
08112016|190217|780|-1104|-16868N
08112016|190219|1144|-1408|-16052N
08112016|190221|784|-1036|-15872N
08112016|190223|-332|-948|-16140N
08112016|190225|852|-1652|-16312N
08112016|190227|788|-1788|-17008N
08112016|190230|2176|4284|-15952N
08112016|190232|1816|2132|-20432N
08112016|190234|532|-336|-16748N
08112016|190236|2668|7884|-16928N
08112016|190238|1616|8652|-16468N
08112016|190240|-5368|6288|-12612N
08112016|190242|-1112|13160|-6648N
08112016|190244|-2668|17464|-6720N
08112016|190246|5260|15644|-1468N
08112016|190248|-284|4152|-12924N
08112016|190250|-3596|6404|-14332N
08112016|190252|-5484|10312|-15980N
08112016|190254|-1204|13268|-7808N
08112016|190256|-2316|15812|-3076N
08112016|190258|-2244|15996|-2600N
08112016|190300|-2016|16012|-2924N
08112016|190302|-2700|16084|-3164N
08112016|190304|-2392|15916|-3108N
08112016|190306|-2440|15840|-2536N
08112016|190308|-2336|15952|-2664N
08112016|190310|-2816|15672|-2396N
08112016|190312|-2316|15860|-2472N
08112016|190314|-2116|15880|-3716N
08112016|190316|-1352|15584|-4456N
08112016|190318|-800|15952|-4048N
08112016|190320|-828|15896|-4068N
08112016|190322|-500|15652|-4476N
08112016|190324|-728|15756|-4372N
08112016|190326|2584|12212|-6804N
08112016|190328|-3944|15276|-96N
08112016|190330|-2144|16296|-6192N
08112016|190332|-4660|15748|936N
08112016|190334|-5220|15880|1040N
08112016|190336|-3872|15348|-1020N
08112016|190338|-1840|14920|-6176N
08112016|190340|-1368|15712|-5424N
08112016|190342|-1728|16512|-3796N
08112016|190344|-1088|14996|-5400N
08112016|190346|-1108|15428|-5232N
08112016|190348|2116|13172|-7308N
08112016|190350|-1196|15480|-5732N
08112016|190352|-1092|15368|-6000N
08112016|190354|-248|14876|-6820N
08112016|190357|224|15324|-5920N
08112016|190359|-320|15516|-6352N
08112016|190401|-304|15808|-6456N
08112016|190403|-84|15284|-6028N
08112016|190405|-924|15452|-5840N
08112016|190407|-788|15336|-6036N
08112016|190409|-560|15224|-5900N
08112016|190411|-908|15364|-6076N
08112016|190413|-800|15228|-6008N
08112016|190415|-412|15416|-5424N
08112016|190417|-1652|15372|-5668N
08112016|190419|-1224|15420|-5620N
08112016|190421|-1132|15564|-5360N
08112016|190423|-2372|16076|-5640N
08112016|190425|-1232|14436|-11440N
08112016|190427|3644|9736|-420N
08112016|190429|1256|14184|-5844N
08112016|190431|2432|14096|-5956N
08112016|190433|1512|15564|-4708N
08112016|190435|748|15824|-4280N
08112016|190437|1208|15740|-4088N
08112016|190439|412|15636|-5552N
08112016|190441|912|13064|-6052N
08112016|190443|1824|15608|-5100N
08112016|190445|-796|15180|-4332N
08112016|190447|-1456|15808|-3388N
08112016|190449|-1076|15932|-3868N
08112016|190451|-224|15940|-4744N
08112016|190453|-388|16236|-2808N
08112016|190455|868|15416|-6280N
08112016|190457|-1832|16036|-5948N
08112016|190459|-1104|15168|-6024N
08112016|190501|0|15932|-5496N
08112016|190503|176|15644|-5316N
08112016|190505|212|15576|-5216N
08112016|190507|-28|15492|-5620N
08112016|190509|-576|14848|-3736N
08112016|190511|7576|16080|-1108N
08112016|190513|-232|9604|-6240N
08112016|190515|480|13768|-7056N
08112016|190517|668|14048|-7692N
08112016|190519|332|13764|-608N
08112016|190522|-864|15632|-4028N
08112016|190524|-2356|13072|-6440N
08112016|190526|-4360|14936|-5812N
08112016|190528|-4184|14688|-6524N
08112016|190530|-3592|15188|-5304N
08112016|190532|-3568|15192|-5204N
08112016|190534|-3264|15468|-4744N
08112016|190536|-3388|15328|-4996N
08112016|190538|-3216|15392|-4792N
08112016|190540|-892|15592|-5400N
08112016|190542|688|15160|-5812N
08112016|190544|-264|14980|-6256N
08112016|190546|-712|15248|-5820N
08112016|190548|-692|15216|-5756N
08112016|190550|-924|15112|-6284N
08112016|190552|-876|15692|-5960N
08112016|190554|-1112|14148|-5876N
08112016|190556|-1984|15488|-4872N
08112016|190558|-1708|15996|-5600N
08112016|190600|-624|16016|-4464N
08112016|190602|-8|15540|-5472N
08112016|190604|80|15304|-5576N
08112016|190606|-352|15420|-5880N
08112016|190608|-24|15592|-5624N
08112016|190610|-144|15396|-5596N
08112016|190612|-272|15340|-5656N
08112016|190614|-284|15504|-5684N
08112016|190616|-464|15396|-5644N
08112016|190618|-352|15544|-5636N
08112016|190620|120|15456|-6024N
08112016|190622|-8|15388|-5888N
08112016|190624|196|15316|-5972N
08112016|190626|108|15260|-5616N
08112016|190628|-80|15472|-5864N
08112016|190630|152|15416|-5668N
08112016|190632|-152|15488|-5900N
08112016|190634|-452|15508|-5704N
08112016|190636|-524|15596|-5612N
08112016|190638|-500|15396|-5316N
08112016|190640|-376|15456|-5612N
08112016|190642|-272|15304|-5508N
08112016|190645|-192|15292|-5516N
08112016|190647|-468|15676|-5600N
08112016|190649|-348|15580|-5844N
08112016|190651|-388|15776|-5608N
08112016|190653|676|15560|-5520N
08112016|190655|-748|15608|-5504N
08112016|190657|-524|15296|-5616N
08112016|190659|-836|15532|-5524N
08112016|190701|-592|15472|-5652N
08112016|190703|1732|12308|-8388N
08112016|190705|1328|15548|-5928N
08112016|190707|836|15200|-6076N
08112016|190709|1488|15388|-5560N
08112016|190711|36|15504|-5032N
08112016|190713|-1016|15640|-4572N
08112016|190715|964|14848|-5384N
08112016|190717|200|17104|-9496N
08112016|190719|-1128|16444|-6252N
08112016|190721|-608|13360|-11124N
08112016|190723|-536|16596|-8032N
08112016|190725|-2204|14320|-9076N
08112016|190727|10796|3264|-8612N
08112016|190729|-260|15484|-5160N
08112016|190731|-164|15948|-4956N
08112016|190733|-1404|18696|-8892N
08112016|190735|-2420|13436|-9376N
08112016|190737|-5608|12832|-10684N
08112016|190739|-1928|14504|-7344N
08112016|190741|-940|15052|-6804N
08112016|190743|2632|15292|-10732N
08112016|190745|-692|14448|5056N
08112016|190747|-1312|15448|2788N
08112016|190749|-1856|15784|2568N
08112016|190751|-4080|12880|1756N
08112016|190753|-1616|16508|1688N
08112016|190755|-700|15764|1436N
08112016|190757|-1240|16232|2268N
08112016|190759|-2172|16008|712N
08112016|190801|-2172|15628|1032N
08112016|190803|-2012|16148|432N
08112016|190805|-2352|15604|1764N
08112016|190807|64|15760|784N
08112016|190809|24|15768|2472N
08112016|190811|-712|16004|1764N
08112016|190814|-1060|15476|2260N
08112016|190816|-432|16128|1292N
08112016|190818|-368|16192|1836N
08112016|190820|-256|16300|1424N
08112016|190822|-500|16112|1648N
08112016|190824|0|16816|1444N
08112016|190826|-172|16036|808N
08112016|190828|-196|15720|1424N
08112016|190830|20|16024|876N
08112016|190832|268|17676|1172N
08112016|190834|-1044|15568|740N
08112016|190836|456|17416|2580N
08112016|190838|-1632|16380|-8N
08112016|190840|-1136|15176|668N
08112016|190842|7168|12856|108N
08112016|190844|-1700|16308|-2672N
08112016|190846|-8724|25432|23044N
08112016|190848|-2508|17004|592N
08112016|190850|-2912|16780|1688N
08112016|190852|-2048|16100|1032N
08112016|190854|-968|15972|-1400N
08112016|190856|-4944|16340|672N
08112016|190858|-3256|15924|-2296N
08112016|190900|-1388|15980|-1548N
08112016|190902|508|19036|-548N
08112016|190904|-4580|16256|-796N
08112016|190906|-656|16360|1024N
08112016|190908|-564|16628|984N
08112016|190910|-864|16656|1128N
08112016|190912|-5732|16360|304N
08112016|190914|-656|17532|-440N
08112016|190916|-940|16808|1188N
08112016|190918|-1460|15448|-700N
08112016|190920|-1832|15752|1172N
08112016|190922|-1376|17212|-396N
08112016|190924|-1564|17436|-1728N
08112016|190926|-752|16564|-4244N
08112016|190928|-664|17672|-2300N
08112016|190930|76|17724|-2340N
08112016|190932|212|15472|-2644N
08112016|190934|-216|15984|-1100N
08112016|190936|272|16632|-1236N
08112016|190939|848|17976|168N
08112016|190941|364|17144|232N
08112016|190943|636|15200|-452N
08112016|190945|852|16012|172N
08112016|190947|1288|15472|-164N
08112016|190949|-3468|16100|1120N
08112016|190951|-444|16776|120N
08112016|190953|-488|15580|-376N
08112016|190955|-212|16096|316N
08112016|190957|60|15648|332N
08112016|190959|520|16696|-160N
08112016|191001|264|16840|900N
08112016|191003|192|16420|460N
08112016|191005|544|18288|2052N
08112016|191007|296|15868|-812N
08112016|191009|-1672|17428|-2336N
08112016|191011|-2440|14804|-3816N
08112016|191013|-324|16236|572N
08112016|191015|544|16088|-36N
08112016|191017|-924|15332|288N
08112016|191019|-200|16040|-1032N
08112016|191021|-744|14876|-744N
08112016|191023|-704|15744|-1192N
08112016|191025|-244|16296|-1888N
08112016|191027|-548|16800|-1752N
08112016|191029|-208|15192|-2676N
08112016|191031|-152|15896|-2144N
08112016|191033|-4|15120|-1788N
08112016|191035|172|13180|-1780N
08112016|191037|-444|15296|-2412N
08112016|191039|-136|16524|-1456N
08112016|191041|-128|13788|-1544N
08112016|191043|1260|16240|-2632N
08112016|191045|792|15788|-3060N
08112016|191047|636|16192|-3396N
08112016|191049|872|17564|-4336N
08112016|191051|-4364|15964|-4832N
08112016|191053|-2680|14164|-8224N
08112016|191055|-4352|17996|-10208N
08112016|191057|-200|15676|-2024N
08112016|191059|1172|16380|-336N
08112016|191101|-756|14444|-3296N
08112016|191104|180|17284|-312N
08112016|191106|1964|17084|-5276N
08112016|191108|944|15840|-4784N
08112016|191110|732|15716|-4952N
08112016|191112|888|16048|-4612N
08112016|191114|532|15896|-4932N
08112016|191116|596|15772|-4788N
08112016|191118|80|15660|-4604N
08112016|191120|3036|15780|-3980N
08112016|191122|3200|15240|-3596N
08112016|191124|1040|16332|-4272N
08112016|191126|932|16120|-4536N
08112016|191128|2080|17524|-1756N
08112016|191130|-548|16340|-1976N
08112016|191132|3052|15352|-4652N
08112016|191134|-5636|17176|-3656N
08112016|191136|-4172|14100|-2664N
08112016|191138|2628|14008|-6468N
08112016|191140|104|15756|-4344N
08112016|191142|-652|6448|-748N
08112016|191144|-896|13864|3100N
08112016|191146|-11000|24580|-32768N
08112016|191148|-13772|32767|-3632N
08112016|191150|8032|5900|-15888N
08112016|191152|22312|28256|-8932N
08112016|191154|-9384|6376|4584N
08112016|191156|-4820|4844|-4056N
08112016|191159|-6936|17528|72N
08112016|191201|232|13952|800N
08112016|191203|1356|19480|-716N
08112016|191205|-584|16256|-4N
08112016|191207|-544|16092|-280N
08112016|191209|880|15888|-340N
08112016|191211|2540|16176|-416N
08112016|191213|2956|16384|-216N
08112016|191215|3312|15568|-1044N
08112016|191217|1328|5408|1200N
08112016|191219|-5764|26648|660N
08112016|191221|-13476|19708|3784N
08112016|191223|-480|13488|-7572N
08112016|191225|5248|14904|316N
08112016|191227|204|16900|-156N
08112016|191229|-1084|16340|1428N
08112016|191231|-48|15960|784N
08112016|191233|72|16348|1236N
08112016|191235|1908|16084|-852N
08112016|191237|908|16832|-1812N
08112016|191239|1932|16032|-896N
08112016|191241|1928|16464|-904N
08112016|191243|1636|17120|1572N
08112016|191245|400|16600|1112N
08112016|191248|732|16220|996N
08112016|191250|5632|17164|-1608N
08112016|191252|1884|13764|1228N
08112016|191254|4016|16096|-3452N
08112016|191256|104|16264|-1320N
08112016|191258|-248|16496|-1248N
08112016|191300|5016|15064|-3336N
08112016|191302|9252|4060|-32000N
08112016|191304|6352|14188|-3840N
08112016|191306|680|16736|16N
08112016|191308|836|16196|824N
08112016|191310|2156|15956|928N
08112016|191312|2364|16756|-256N
08112016|191314|1412|16264|216N
08112016|191316|2280|16116|24N
08112016|191318|2532|16032|-288N
08112016|191320|2428|16128|-208N
08112016|191322|2308|16088|-180N
08112016|191324|2360|16200|-436N
08112016|191326|7320|18312|-948N
08112016|191328|6184|15620|1260N
08112016|191330|268|17728|-576N
08112016|191332|244|16352|284N
08112016|191334|1752|16052|1604N
08112016|191336|2992|16164|88N
08112016|191338|2120|16288|296N
08112016|191340|2356|16000|452N
08112016|191342|2632|15588|2688N
08112016|191344|7360|14060|-2332N
08112016|191346|7120|14284|-1888N
08112016|191348|4720|17632|5480N
08112016|191350|1124|10480|-6220N
08112016|191352|5516|9232|-11240N
08112016|191354|9336|22400|-20404N
08112016|191356|1656|9824|-1020N
08112016|191358|4184|18064|1180N
08112016|191400|-6276|14088|612N
08112016|191402|1104|20116|1464N
08112016|191404|-2228|16488|392N
08112016|191406|13256|15268|-1248N
08112016|191408|996|16500|-11228N
08112016|191410|-5868|20576|4976N
08112016|191413|-1076|15112|1272N
08112016|191415|792|16076|-640N
08112016|191417|-900|16152|1224N
08112016|191419|-2304|15732|1480N
08112016|191421|44|16276|632N
08112016|191423|1416|16464|468N
08112016|191425|-1784|20652|-3764N
08112016|191427|1644|19000|2952N
08112016|191429|4828|17732|-2092N
08112016|191431|112|16240|-132N
08112016|191433|-468|13848|3760N
08112016|191435|1552|15360|5308N
08112016|191437|2712|15048|5656N
08112016|191439|968|22068|-4332N
08112016|191441|1096|8916|-4772N
08112016|191443|1496|16272|-1164N
08112016|191445|5392|21684|-1988N
08112016|191447|5964|12476|-1252N
08112016|191449|6108|16252|1700N
08112016|191451|1248|32767|7652N
08112016|191453|-2392|23480|5944N
08112016|191455|21328|28324|8088N
08112016|191457|1012|5488|220N
08112016|191459|4936|16152|-76N
08112016|191501|2792|14972|-1188N
08112016|191503|224|16520|-168N
08112016|191505|828|16444|528N
08112016|191507|936|16156|392N
08112016|191509|1548|16256|576N
08112016|191511|1092|16140|240N
08112016|191513|2420|16100|-192N
08112016|191515|1496|16816|1488N
08112016|191517|-2144|15152|-4896N
08112016|191519|3500|15816|-1656N
08112016|191521|1672|15832|-848N
08112016|191523|1020|16368|-436N
08112016|191525|1956|16044|-408N
08112016|191527|1720|16180|-696N
08112016|191529|1484|16352|-560N
08112016|191531|2024|16260|-1024N
08112016|191533|2408|16048|-1020N
08112016|191535|2020|16148|-1028N
08112016|191537|2044|16172|-520N
08112016|191540|2036|16072|-1008N
08112016|191542|1328|16156|-584N
08112016|191544|-9060|23504|-20N
08112016|191546|-3452|13416|-6988N
08112016|191548|-4808|8372|-3288N
08112016|191550|4604|22948|4808N
08112016|191552|-260|16908|-1832N
08112016|191554|-276|16184|-1304N
08112016|191556|-476|16812|1628N
08112016|191558|1096|16344|408N
08112016|191600|768|16104|584N
08112016|191602|448|16680|184N
08112016|191604|248|16424|248N
08112016|191606|868|15880|236N
08112016|191608|184|16292|-160N
08112016|191610|3060|16248|-56N
08112016|191612|800|16264|244N
08112016|191614|1664|16412|-140N
08112016|191616|-420|16580|508N
08112016|191618|-556|16388|428N
08112016|191620|1328|17264|-540N
08112016|191622|2192|16592|-1704N
08112016|191624|200|14292|-1964N
08112016|191626|-2512|15132|2220N
08112016|191628|1964|16040|-60N
08112016|191630|15892|21512|-3060N
08112016|191632|-2400|14168|-100N
08112016|191634|1796|15884|-848N
08112016|191636|-236|16064|1208N
08112016|191638|-640|16412|504N
08112016|191640|-400|16300|296N
08112016|191642|-272|16404|200N
08112016|191644|-436|16480|436N
08112016|191646|-600|16624|40N
08112016|191648|-616|16292|316N
08112016|191650|-500|16436|144N
08112016|191652|-564|16472|236N
08112016|191654|-292|16416|180N
08112016|191656|-464|16520|296N
08112016|191658|52|16440|1204N
08112016|191700|4184|15480|2848N
08112016|191702|4684|15512|1756N
08112016|191704|4620|15480|632N
08112016|191706|4228|15596|996N
08112016|191708|4184|15972|104N
08112016|191711|3736|16208|-284N
08112016|191713|4620|15632|-844N
08112016|191715|6660|12724|-636N
08112016|191717|1356|14576|-1680N
08112016|191719|1560|26452|-4232N
08112016|191721|4440|17592|776N
08112016|191723|2492|17792|460N
08112016|191725|8112|10988|2692N
08112016|191727|380|15148|-1776N
08112016|191729|-448|16144|-1316N
08112016|191731|3244|14040|-4156N
08112016|191733|-5356|18236|-52N
08112016|191735|-2384|16000|-544N
08112016|191737|-736|16212|-860N
08112016|191739|1024|16208|-1856N
08112016|191741|7244|15164|-1524N
08112016|191743|12052|12596|-3228N
08112016|191745|9796|10972|-412N
08112016|191747|8144|9352|-3412N
08112016|191749|9992|12976|-2208N
08112016|191751|-2020|12208|1272N
08112016|191753|7992|12352|-8380N
08112016|191755|11988|11496|-920N
08112016|191757|11236|10796|-1196N
08112016|191759|6504|15596|-1372N
08112016|191801|6064|15808|-2144N
08112016|191803|7440|14952|-2272N
08112016|191805|6688|14976|-2232N
08112016|191807|6788|14960|-2104N
08112016|191809|6712|14856|-2488N
08112016|191811|10992|15040|-6008N
08112016|191813|6772|15000|-1840N
08112016|191815|5788|14940|-2960N
08112016|191817|5556|15424|-1744N
08112016|191819|5536|15380|-1632N
08112016|191821|5392|16296|-1088N
08112016|191823|5260|15412|-1624N
08112016|191825|5532|15388|-1776N
08112016|191827|5716|15384|-1780N
08112016|191829|5364|15164|-1600N
08112016|191831|5720|15120|-1728N
08112016|191833|5648|15312|-1692N
08112016|191835|9556|13848|-3028N
08112016|191837|10352|12828|-3980N
08112016|191839|9776|12900|-3736N
08112016|191842|9368|13036|-3756N
08112016|191844|9660|12792|-3748N
08112016|191846|9696|12784|-3556N
08112016|191848|10888|11624|-3640N
08112016|191850|11648|11148|-3500N
08112016|191852|7168|13628|-2328N
08112016|191854|10660|11780|-2484N
08112016|191856|15552|6280|1924N
08112016|191858|-308|16512|-2512N
08112016|191900|-1920|16016|-2704N
08112016|191902|-1672|16020|-2312N
08112016|191904|-1560|16184|-2324N
08112016|191906|-952|16252|-2396N
08112016|191908|-1060|16048|-2232N
08112016|191910|-904|16156|-2376N
08112016|191912|-1624|16104|-2588N
08112016|191914|-1448|16092|-2552N
08112016|191916|-1424|16316|-2612N
08112016|191918|-1272|16272|-2192N
08112016|191920|-1080|16056|-2676N
08112016|191922|-1088|15824|-2792N
08112016|191924|-276|16092|-2212N
08112016|191926|5576|15172|-2564N
08112016|191928|7752|14092|-1360N
08112016|191930|4628|15000|-2360N
08112016|191932|3208|15992|-2624N
08112016|191934|3168|16152|-2900N
08112016|191936|2804|15988|-2456N
08112016|191938|2532|16024|-2676N
08112016|191940|2348|16016|-2456N
08112016|191942|2444|15596|-2108N
08112016|191944|1820|15796|-2128N
08112016|191946|1792|14700|-3892N
08112016|191948|2936|15892|-1432N
08112016|191950|1016|15652|-1852N
08112016|191952|-3080|19216|-396N
08112016|191954|-1928|16392|-1688N
08112016|191956|12420|14016|680N
08112016|191958|6904|14792|-2064N
08112016|192000|8188|14092|-1736N
08112016|192002|10744|10756|232N
08112016|192004|11640|11212|-452N
08112016|192006|11396|11612|-424N
08112016|192008|11208|12092|-1288N
08112016|192010|11128|12064|-980N
08112016|192013|11168|12148|-400N
08112016|192015|11100|11960|-724N
08112016|192017|11308|12216|-620N
08112016|192019|7568|13964|-1348N
08112016|192021|7560|14508|-1060N
08112016|192023|7556|14548|-1020N
08112016|192025|9604|13528|-1780N
08112016|192027|8580|13808|-1644N
08112016|192029|9320|13548|-1164N
08112016|192031|8312|13940|-1116N
08112016|192033|8588|13852|-1192N
08112016|192035|8552|13928|-1264N
08112016|192037|8612|13976|-872N
08112016|192039|8244|14000|-964N
08112016|192041|6436|13760|508N
08112016|192043|4656|15508|1004N
08112016|192045|5704|15396|-436N
08112016|192047|4756|16400|-192N
08112016|192049|5592|15164|-848N
08112016|192051|6452|15144|-984N
08112016|192053|6768|14464|-1016N
08112016|192055|8280|14096|-1064N
08112016|192057|8216|14220|-1096N
08112016|192059|8140|14416|-848N
08112016|192101|8012|14528|-900N
08112016|192103|8284|14356|-980N
08112016|192105|8220|14340|-896N
08112016|192107|7844|14320|-1456N
08112016|192109|8380|14144|-2020N
08112016|192111|8304|14032|-2160N
08112016|192113|8148|14340|-2020N
08112016|192115|8060|14208|-1960N
08112016|192117|7948|12704|-1704N
08112016|192119|10568|12692|-1704N
08112016|192121|10564|12560|-1992N
08112016|192123|10552|12640|-1932N
08112016|192125|10584|12456|-1592N
08112016|192127|6176|15096|-1780N
08112016|192129|6788|14728|-1748N
08112016|192131|6908|14892|-2088N
08112016|192133|6832|14780|-1884N
08112016|192135|4592|16188|-616N
08112016|192137|3724|14664|-944N
08112016|192139|6100|15016|336N
08112016|192141|6768|14924|-112N
08112016|192144|6404|15152|44N
08112016|192146|6548|15000|1024N
08112016|192148|7312|13656|2264N
08112016|192150|7316|14584|1240N
08112016|192152|3084|10752|-2404N
08112016|192154|7020|15628|456N
08112016|192156|-432|16384|528N
08112016|192158|-1052|15812|-1560N
08112016|192200|1560|16572|-1704N
08112016|192202|9344|11928|-1728N
08112016|192204|6112|13432|-6256N
08112016|192206|6344|13884|-6016N
08112016|192208|7904|14956|-4928N
08112016|192210|7768|13952|-4320N
08112016|192212|7640|13512|-4248N
08112016|192214|11232|12116|-3992N
08112016|192216|10132|12640|-4144N
08112016|192218|9852|12100|-2408N
08112016|192220|5372|15148|-4460N
08112016|192222|5124|15088|-4368N
08112016|192224|4800|15140|-4212N
08112016|192226|4152|15768|-3640N
08112016|192228|4464|15620|-3240N
08112016|192230|4080|15620|-3200N
08112016|192232|3092|16476|-2028N
08112016|192234|3780|15384|-2496N
08112016|192236|6208|11828|-7220N
08112016|192238|172|16516|-2388N
08112016|192240|-3472|15552|-1088N
08112016|192242|416|18716|-1636N
08112016|192244|248|17524|-5492N
08112016|192246|1884|15616|-2608N
08112016|192248|-6912|15804|-4040N
08112016|192250|3852|7868|-1036N
08112016|192252|12540|15188|-4360N
08112016|192254|6716|14616|-924N
08112016|192256|7548|14748|-620N
08112016|192258|6740|16284|-3240N
08112016|192300|8560|15480|-2060N
08112016|192302|6412|15148|-1452N
08112016|192304|7124|15140|-1220N
08112016|192307|10672|13456|-1024N
08112016|192309|14992|12712|-660N
08112016|192311|6252|13576|-1860N
08112016|192313|10772|14628|-2408N
08112016|192315|9656|14732|-2968N
08112016|192317|14496|9772|-496N
08112016|192319|11352|10980|136N
08112016|192321|11508|11932|688N
08112016|192323|13196|9972|-1744N
08112016|192325|8940|19912|5628N
08112016|192327|12976|12164|5088N
08112016|192329|4728|15644|-6980N
08112016|192331|4628|17520|1428N
08112016|192333|8192|15164|-1360N
08112016|192335|-2724|12400|-8872N
08112016|192337|7340|14448|-1260N
08112016|192339|8752|13940|-384N
08112016|192341|5024|12888|596N
08112016|192343|8796|13168|-180N
08112016|192345|11056|12284|-3232N
08112016|192347|11936|13656|-1680N
08112016|192349|2924|15620|-2416N
08112016|192351|4052|15412|-2736N
08112016|192353|3988|15880|-2804N
08112016|192355|7860|14312|-1884N
08112016|192357|7092|14184|2020N
08112016|192359|5572|16968|108N
08112016|192401|1308|16272|-1844N
08112016|192403|-720|16116|-1524N
08112016|192405|-760|16252|-1196N
08112016|192407|-396|16432|-920N
08112016|192409|580|16340|-1212N
08112016|192411|-232|16364|-768N
08112016|192413|-352|16332|-896N
08112016|192415|1388|14172|-9428N
08112016|192417|2864|15736|-2364N
08112016|192419|8956|12416|-116N
08112016|192421|9356|12980|-2284N
08112016|192423|9744|14124|788N
08112016|192426|9568|12516|-2276N
08112016|192428|10352|13484|-2768N
08112016|192430|11268|11052|2544N
08112016|192432|9560|12632|-800N
08112016|192434|3844|16044|-1636N
08112016|192436|9832|12648|-2724N
08112016|192438|11764|12864|-2532N
08112016|192440|9088|15264|1756N
08112016|192442|9988|13492|-1120N
08112016|192444|9028|11104|1512N
08112016|192446|8472|15868|-664N
08112016|192448|6992|15500|-1340N
08112016|192450|2672|11048|-1316N
08112016|192452|8216|15176|-3972N
08112016|192454|6880|13576|-292N
08112016|192456|7824|17520|-968N
08112016|192458|5932|16016|-2168N
08112016|192500|400|16380|572N
08112016|192502|144|15860|-5636N
08112016|192504|6848|14820|-776N
08112016|192506|9784|20492|1128N
08112016|192508|10144|10964|-9240N
08112016|192510|9628|14164|-3176N
08112016|192512|-5224|21260|-9144N
08112016|192514|1568|17548|3060N
08112016|192516|4564|17420|740N
08112016|192518|10192|13356|-5300N
08112016|192520|3056|16424|-2324N
08112016|192522|3088|15640|-2592N
08112016|192524|3492|15700|-2228N
08112016|192526|3628|15832|-2480N
08112016|192528|3520|15832|-2224N
08112016|192530|10856|26252|-1844N
08112016|192532|-2376|15128|-2144N
08112016|192534|1480|16220|2560N
08112016|192536|12000|10440|520N
08112016|192538|536|11148|-4052N
08112016|192540|5988|14960|1148N
08112016|192542|5392|16604|-440N
08112016|192544|11852|12212|236N
08112016|192547|10220|14900|-1680N
08112016|192549|5628|15084|-1364N
08112016|192551|11560|12800|968N
08112016|192553|8436|14152|-788N
08112016|192555|10736|9852|2192N
08112016|192557|11988|11824|108N
08112016|192559|10572|12408|136N
08112016|192601|15200|9076|7924N
08112016|192603|24708|6116|-3996N
08112016|192605|1968|15084|-888N
08112016|192607|3824|16428|-1668N
08112016|192609|4852|15296|-2336N
08112016|192611|5160|15356|-2156N
08112016|192613|-2652|20888|-4324N
08112016|192615|5116|15408|-1944N
08112016|192617|14308|9560|-5240N
08112016|192619|32088|4756|-14160N
08112016|192621|8732|13440|-844N
08112016|192623|-2116|18180|-8308N
08112016|192625|6436|15596|1052N
08112016|192627|10804|14368|2828N
08112016|192629|10428|20068|11812N
08112016|192631|6152|15260|-3460N
08112016|192633|-5264|6232|5812N
08112016|192635|9264|10908|-2992N
08112016|192637|2224|7564|476N
08112016|192639|5504|15080|2364N
08112016|192641|4748|14836|-1408N
08112016|192643|4760|15752|-828N
08112016|192645|2400|15480|-7628N
08112016|192647|10256|12444|-10512N
08112016|192649|2088|11800|-8300N
08112016|192651|7768|14708|-1156N
08112016|192653|7188|14900|-1468N
08112016|192655|7488|14928|-1168N
08112016|192657|12296|11484|-1604N
08112016|192659|10344|11700|-3612N
08112016|192701|-2232|17764|512N
08112016|192703|7472|18308|-1724N
08112016|192705|7616|14864|1880N
08112016|192708|7908|14396|-556N
08112016|192710|4312|19168|-4736N
08112016|192712|4828|14804|-3920N
08112016|192714|-9716|17012|6488N
08112016|192716|1324|16536|-1720N
08112016|192718|10684|16344|2840N
08112016|192720|9380|14896|1924N
08112016|192722|3716|17940|-10856N
08112016|192724|7892|15940|12N
08112016|192726|9380|11420|1352N
08112016|192728|7192|14044|5132N
08112016|192730|-1384|19324|3832N
08112016|192732|-508|19456|-3100N
08112016|192734|7776|13036|3964N
08112016|192736|7456|17672|324N
08112016|192738|6692|15832|-7728N
08112016|192740|5868|15572|2588N
08112016|192742|3084|15448|152N
08112016|192745|3372|11808|-11652N
08112016|192747|-3916|14796|292N
08112016|192749|2472|15552|-336N
08112016|192751|1964|17872|620N
08112016|192753|240|5124|-2536N
08112016|192755|1376|15816|1140N
08112016|192757|5240|16324|-1624N
08112016|192759|4900|15492|-1016N
08112016|192801|4732|15600|-1104N
08112016|192803|4528|15460|-1048N
08112016|192805|4588|15656|-932N
08112016|192807|8976|14168|-624N
08112016|192809|10788|14856|532N
08112016|192811|2648|16428|4N
08112016|192813|8548|9700|-4084N
08112016|192815|2560|15168|-1560N
08112016|192817|4784|15716|-3192N
08112016|192819|12148|13488|-692N
08112016|192821|12400|10668|-332N
08112016|192823|6484|16464|-3144N
08112016|192825|5976|14140|-892N
08112016|192827|10220|12316|-1708N
08112016|192829|13072|13484|-1560N
08112016|192831|5236|10780|-10604N
08112016|192833|-3488|12964|-13332N
08112016|192835|7340|15360|-6696N
08112016|192837|1988|16808|-808N
08112016|192839|-976|15088|1736N
08112016|192841|-9052|15748|-3028N
08112016|192843|2640|13224|-2176N
08112016|192845|6932|14992|-916N
08112016|192847|6840|15912|-3620N
08112016|192849|13192|10700|-1688N
08112016|192851|2140|13980|-984N
08112016|192853|-4224|14524|1176N
08112016|192855|-4120|15940|-2456N
08112016|192857|8676|14024|-7208N
08112016|192859|4972|14532|1404N
08112016|192901|4044|16656|-192N
08112016|192903|4096|16580|-1148N
08112016|192906|4024|14632|-3748N
08112016|192908|8600|11784|-1284N
08112016|192910|9188|14824|-3416N
08112016|192912|8460|13248|-1244N
08112016|192914|4556|15792|-1372N
08112016|192916|4628|15596|-1644N
08112016|192918|3772|14980|-1312N
08112016|192920|5036|15456|-1648N
08112016|192922|5096|15216|-1588N
08112016|192924|5304|15480|-1472N
08112016|192926|5816|16148|-2112N
08112016|192928|8000|14932|-2256N
08112016|192930|8632|10944|5440N
08112016|192932|11748|11796|616N
08112016|192934|9892|14260|132N
08112016|192936|7260|14324|-1204N
08112016|192938|4860|13676|-1316N
08112016|192940|13436|6268|1488N
08112016|192942|14492|9508|1400N
08112016|192944|-1004|12252|-3984N
08112016|192946|-468|18296|-600N
08112016|192948|2976|15184|-1448N
08112016|192950|1620|13664|-1632N
08112016|192952|3012|15840|-1060N
08112016|192954|-64|15356|-7616N
08112016|192956|7788|18076|-3236N
08112016|192958|6532|15880|-1528N
08112016|193000|7000|15448|-1100N
08112016|193002|9868|14260|-2732N
08112016|193004|7596|18636|-14024N
08112016|193006|2784|8568|-3708N
08112016|193008|4220|14804|-936N
08112016|193010|3544|16076|-1320N
08112016|193012|4044|15916|-1844N
08112016|193014|4164|15752|-1560N
08112016|193016|4404|15668|-1572N
08112016|193018|2668|17672|2408N
08112016|193020|3552|15884|-1744N
08112016|193022|4392|15696|-1628N
08112016|193024|4216|15572|-1620N
08112016|193026|3588|15432|-2084N
08112016|193029|3188|16232|-2276N
08112016|193031|-356|16164|-1932N
08112016|193033|2800|16096|-964N
08112016|193035|2856|16180|-1028N
08112016|193037|5888|15048|-2732N
08112016|193039|8228|15712|-3260N
08112016|193041|7528|15412|-1556N
08112016|193043|7420|13536|2896N
08112016|193045|6408|14288|-5100N
08112016|193047|13788|13772|-1964N
08112016|193049|296|12712|-5504N
08112016|193051|11176|15200|224N
08112016|193053|5812|14048|-5592N
08112016|193055|10700|13276|-4088N
08112016|193057|6312|11704|-1744N
08112016|193059|15000|16456|-3992N
08112016|193101|7532|13416|-756N
08112016|193103|5624|17032|-540N
08112016|193105|2100|16496|-1852N
08112016|193107|8036|13016|-6288N
08112016|193109|8600|14800|-2224N
08112016|193111|13304|9744|760N
08112016|193113|13264|8664|2480N
08112016|193115|12776|10676|-8N
08112016|193117|12756|8884|304N
08112016|193119|13316|10604|-832N
08112016|193121|5436|11500|-816N
08112016|193123|3320|17100|-548N
08112016|193125|1792|16344|-2688N
08112016|193127|1492|16052|-2740N
08112016|193129|1736|16192|-2256N
08112016|193131|8096|12464|-1548N
08112016|193133|5844|17520|-2924N
08112016|193135|8572|15768|-8428N
08112016|193137|4420|15720|-2740N
08112016|193139|8280|13020|-644N
08112016|193141|8788|13504|-1840N
08112016|193144|8752|13132|1568N
08112016|193146|9896|14868|5112N
08112016|193148|10152|12824|4996N
08112016|193150|4676|8596|5608N
08112016|193152|9420|5624|-4968N
08112016|193154|8372|13672|-4316N
08112016|193156|12512|10872|1292N
08112016|193158|12308|10400|2964N
08112016|193200|19976|9764|-1196N
08112016|193202|13660|9368|1776N
08112016|193204|10868|11376|1664N
08112016|193206|11008|9124|4024N
08112016|193208|9468|12228|-412N
08112016|193210|9564|15000|3820N
08112016|193212|6296|14600|-2512N
08112016|193214|8372|10892|-1240N
08112016|193216|9696|6268|2160N
08112016|193218|11256|13676|340N
08112016|193220|10212|11476|1160N
08112016|193222|11596|11788|1384N
08112016|193224|11600|7616|1024N
08112016|193226|13232|10208|2896N
08112016|193228|9668|10196|2480N
08112016|193230|11668|12496|1828N
08112016|193232|9176|14960|2808N
08112016|193234|7312|10608|-4732N
08112016|193236|6948|14124|-408N
08112016|193238|8404|12432|-1676N
08112016|193240|9124|15860|2944N
08112016|193242|11128|8896|-1296N
08112016|193244|9868|12036|-416N
08112016|193246|10932|7944|728N
08112016|193248|10120|12396|-28N
08112016|193250|9356|13192|1408N
08112016|193252|12560|9552|-2584N
08112016|193254|9564|11636|-124N
08112016|193256|11600|12264|68N
08112016|193258|12156|12472|292N
08112016|193300|11516|11212|0N
08112016|193302|11644|13576|-864N
08112016|193305|9724|16640|780N
08112016|193307|11248|11560|1488N
08112016|193309|10512|9560|1140N
08112016|193311|15136|3548|4076N
08112016|193313|6388|15564|-1556N
08112016|193315|12408|10528|3140N
08112016|193317|9852|10520|2216N
08112016|193319|10860|14108|4948N
08112016|193321|7708|15960|504N
08112016|193323|9976|11772|1568N
08112016|193325|2636|16948|316N
08112016|193327|11804|11368|-536N
08112016|193329|10976|11436|-176N
08112016|193331|7752|11328|4124N
08112016|193333|6820|9944|2116N
08112016|193335|11280|13068|-1148N
08112016|193337|10500|14908|1684N
08112016|193339|8088|13964|-500N
08112016|193341|10192|13008|432N
08112016|193343|7208|15924|1164N
08112016|193345|8956|14256|-1704N
08112016|193347|2964|16012|-3228N
08112016|193349|3264|15412|-2724N
08112016|193351|2812|15632|-2736N
08112016|193353|3020|15852|-2812N
08112016|193355|3092|15848|-2956N
08112016|193357|3168|15976|-2776N
08112016|193359|3412|15556|-2916N
08112016|193401|4296|14236|-2800N
08112016|193403|15304|8500|84N
08112016|193405|8348|16664|968N
08112016|193407|4644|15752|3572N
08112016|193409|-3240|16352|-2936N
08112016|193411|1468|15000|-3936N
08112016|193413|2296|15792|-4144N
08112016|193415|2460|15900|-3416N
08112016|193417|2624|15744|-3564N
08112016|193419|6524|18136|-1224N
08112016|193421|6980|8504|-760N
08112016|193423|7368|16120|-7768N
08112016|193426|8008|15708|-1888N
08112016|193428|5340|12680|-6556N
08112016|193430|3908|17160|4736N
08112016|193432|-1676|13452|-5504N
08112016|193434|3168|14768|764N
08112016|193436|9480|17492|-8160N
08112016|193438|2640|16060|-3208N
08112016|193440|1352|16204|-2944N
08112016|193442|1536|16016|-2644N
08112016|193444|6636|13808|-2240N
08112016|193446|3596|15928|-1928N
08112016|193448|9400|13416|-1840N
08112016|193450|5808|14744|-3772N
08112016|193452|11880|11980|-1216N
08112016|193454|11612|15296|-1496N
08112016|193456|5572|17680|-3708N
08112016|193458|6292|14632|-696N
08112016|193500|2804|15400|-5992N
08112016|193502|9260|13204|-4640N
08112016|193504|8892|9580|-3212N
08112016|193506|6260|14744|12N
08112016|193508|7412|19380|-4532N
08112016|193510|3532|17856|-1656N
08112016|193512|1456|16220|-2896N
08112016|193514|6308|14592|-1844N
08112016|193516|10208|12616|-2088N
08112016|193518|10380|11960|-472N
08112016|193520|9560|12540|-1384N
08112016|193522|11144|14116|-1700N
08112016|193524|13304|8144|-1836N
08112016|193526|11868|10908|1200N
08112016|193528|10312|8244|1324N
08112016|193530|10144|13732|1180N
08112016|193532|13044|10192|-2080N
08112016|193534|6292|15132|-1872N
08112016|193536|1072|15408|-3392N
08112016|193538|3496|13468|-4644N
08112016|193540|16724|5236|1652N
08112016|193542|14820|3752|2180N
08112016|193545|6668|15524|-900N
08112016|193547|9528|13948|-772N
08112016|193549|10556|13268|-156N
08112016|193551|5580|12976|-1596N
08112016|193553|3728|10816|40N
08112016|193555|6024|21876|-3644N
08112016|193557|9948|12084|-952N
08112016|193559|11020|11152|-128N
08112016|193601|9612|10908|580N
08112016|193603|8412|13504|64N
08112016|193605|10140|11224|156N
08112016|193607|9848|14884|-504N
08112016|193609|4060|14884|-708N
08112016|193611|2240|17336|-1664N
08112016|193613|7652|19320|-2260N
08112016|193615|2560|16056|-3288N
08112016|193617|3024|16088|-3272N
08112016|193619|3060|15720|-2968N
08112016|193621|3340|15204|-3412N
08112016|193623|1916|15924|-3292N
08112016|193625|3564|15300|-2408N
08112016|193627|4236|15760|-2052N
08112016|193629|9200|13016|-1448N
08112016|193631|8648|32767|16072N
08112016|193633|9680|13416|-6624N
08112016|193635|3864|15732|-588N
08112016|193637|7960|13860|-684N
08112016|193639|12960|10668|2388N
08112016|193641|2624|14996|-1404N
08112016|193643|14408|19004|3612N
08112016|193645|4308|15892|-2764N
08112016|193647|4828|14836|-1256N
08112016|193649|6332|13472|-3168N
08112016|193651|11232|13320|-256N
08112016|193653|2620|16324|-2924N
08112016|193655|5908|16404|-3960N
08112016|193657|1376|15920|-3288N
08112016|193659|1372|16348|-2396N
08112016|193701|2812|16136|-2672N
08112016|193703|960|16028|-3000N
08112016|193706|1528|16316|-2064N
08112016|193708|1808|16088|-1720N
08112016|193710|1656|16264|-1472N
08112016|193712|6748|13568|-2912N
08112016|193714|8748|14812|-672N
08112016|193716|10552|16144|1296N
08112016|193718|1960|15592|-4436N
08112016|193720|408|16008|-2792N
08112016|193722|2144|14856|-2064N
08112016|193724|1472|16348|-1968N
08112016|193726|916|16216|-2560N
08112016|193728|1012|16184|-2216N
08112016|193730|-60|15652|-3208N
08112016|193732|1828|16012|-2576N
08112016|193734|1852|16036|-2448N
08112016|193736|3316|15196|-2132N
08112016|193738|3212|15880|-2972N
08112016|193740|3144|15864|-2856N
08112016|193742|3800|14260|-180N
08112016|193744|7008|15012|-880N
08112016|193746|2608|7996|-2696N
08112016|193748|4948|12368|4548N
08112016|193750|-1196|15672|-3808N
08112016|193752|-688|15084|-3448N
08112016|193754|288|16016|-3552N
08112016|193756|3732|17488|-840N
08112016|193758|-2636|15848|-1436N
08112016|193800|-264|15644|5672N
08112016|193802|8732|14420|-156N
08112016|193804|11360|12048|116N
08112016|193806|9068|14220|-688N
08112016|193808|10096|13084|1568N
08112016|193810|11436|8556|480N
08112016|193812|10780|9168|-832N
08112016|193814|10592|12976|-2716N
08112016|193816|7384|11256|736N
08112016|193818|11784|13740|496N
08112016|193820|10460|11996|1364N
08112016|193823|11760|10156|-712N
08112016|193825|12380|13384|3360N
08112016|193827|9808|14552|2640N
08112016|193829|9880|13500|364N
08112016|193831|5340|15456|2164N
08112016|193833|3888|15660|-4580N
08112016|193835|9792|15212|-320N
08112016|193837|4580|15588|-3144N
08112016|193839|660|18652|332N
08112016|193841|5036|15352|-2192N
08112016|193843|2260|16372|-1976N
08112016|193845|292|15860|-484N
08112016|193847|612|16120|-1256N
08112016|193849|6028|14652|-688N
08112016|193851|5024|15944|-1052N
08112016|193853|4668|15088|-3248N
08112016|193855|3288|14908|-1236N
08112016|193857|5032|15096|-2876N
08112016|193859|6548|14748|-1492N
08112016|193901|5476|14308|-2508N
08112016|193903|2276|16112|-3072N
08112016|193905|2368|15968|-2824N
08112016|193907|1992|16004|-4408N
08112016|193909|344|16844|-1468N
08112016|193911|-1980|16432|-1668N
08112016|193913|-532|17316|-1068N
08112016|193915|-1148|16132|-1752N
08112016|193917|-1104|16024|-1720N
08112016|193919|384|15940|-1928N
08112016|193921|14516|8620|992N
08112016|193923|13720|7392|-372N
08112016|193925|11844|11008|1116N
08112016|193927|11476|12236|884N
08112016|193929|9380|14060|-928N
08112016|193931|2280|14796|-2320N
08112016|193933|1508|16196|-3448N
08112016|193935|2128|15848|-2540N
08112016|193937|2056|15892|-4252N
08112016|193939|2896|15548|-2908N
08112016|193941|6152|18060|-3800N
08112016|193943|3104|15344|-4896N
08112016|193946|4536|-3436|-10812N
08112016|193948|10504|12092|-2004N
08112016|193950|12080|12124|-1288N
08112016|193952|11756|12800|-2100N
08112016|193954|10580|12152|-628N
08112016|193956|9700|13416|-1416N
08112016|193958|9312|12508|-4180N
08112016|194000|4932|17376|-1128N
08112016|194002|4680|15840|-3108N
08112016|194004|4048|15968|-1568N
08112016|194006|3592|15860|-3448N
08112016|194008|2512|15132|-2876N
08112016|194010|5800|17424|-3680N
08112016|194012|8064|15492|204N
08112016|194014|8160|13620|-3380N
08112016|194016|7056|14028|-764N
08112016|194018|7380|15788|-932N
08112016|194020|6408|12972|908N
08112016|194022|7156|15812|2660N
08112016|194024|8072|12020|876N
08112016|194026|8320|12464|-320N
08112016|194028|6904|16360|-660N
08112016|194030|9312|15400|-4024N
08112016|194032|6328|14916|-2380N
08112016|194034|2496|15640|-2280N
08112016|194036|5104|15336|-776N
08112016|194038|8588|13996|-460N
08112016|194040|-656|15936|-768N
08112016|194042|1064|16712|-2088N
08112016|194044|476|16184|-2464N
08112016|194046|7460|14436|-2220N
08112016|194048|7100|14484|-2680N
08112016|194050|9492|14416|-676N
08112016|194052|8364|13156|-1216N
08112016|194054|8240|14368|-1456N
08112016|194056|8236|14876|-1120N
08112016|194058|6376|15692|584N
08112016|194100|3536|17860|-2364N
08112016|194102|11936|13376|-204N
08112016|194105|10000|14972|-1128N
08112016|194107|3336|14728|-776N
08112016|194109|5412|15084|-1372N
08112016|194111|6876|12912|-4564N
08112016|194113|4368|15000|-1696N
08112016|194115|6520|15772|-1932N
08112016|194117|5440|14560|-5052N
08112016|194119|6076|15308|-1188N
08112016|194121|2332|15024|-1480N
08112016|194123|5860|9552|-8432N
08112016|194125|9688|12484|-240N
08112016|194127|9400|14476|-2928N
08112016|194129|4076|4484|-4088N
08112016|194131|7568|15024|-5644N
08112016|194133|8252|15292|-372N
08112016|194135|7044|15424|-2724N
08112016|194137|8632|13428|-848N
08112016|194139|7596|11972|-4836N
08112016|194141|8164|7280|-2020N
08112016|194143|6828|12380|-3600N
08112016|194145|9880|12500|-2408N
08112016|194147|13564|14912|1316N
08112016|194149|10280|12976|-3100N
08112016|194151|7656|14344|1004N
08112016|194153|9744|14084|1360N
08112016|194155|10048|13108|-880N
08112016|194157|8028|15060|-3628N
08112016|194159|8628|13896|-596N
08112016|194201|5716|14948|-2380N
08112016|194203|5876|12396|-4020N
08112016|194205|5100|11836|2444N
08112016|194207|10724|12400|-680N
08112016|194209|9864|15236|-5424N
08112016|194211|7752|16064|-728N
08112016|194213|11172|15236|-444N
08112016|194215|13232|13004|-2012N
08112016|194217|7620|13644|-1404N
08112016|194219|10148|13044|-996N
08112016|194221|10764|12304|524N
08112016|194223|11920|15820|-4736N
08112016|194226|10492|12552|-2924N
08112016|194228|10936|12960|-4120N
08112016|194230|8616|13112|-3540N
08112016|194232|11340|13044|-1676N
08112016|194234|12108|14932|-1240N
08112016|194236|9004|9460|-1960N
08112016|194238|9264|12800|-2144N
08112016|194240|13864|25336|12N
08112016|194242|11356|10564|-1508N
08112016|194244|8764|15388|-3644N
08112016|194246|6864|10612|-988N
08112016|194248|8008|11928|-2084N
08112016|194250|11240|13396|608N
08112016|194252|10284|13940|3176N
08112016|194254|10944|11164|-804N
08112016|194256|7868|13136|-3592N
08112016|194258|8988|14292|2116N
08112016|194300|10176|14252|-2964N
08112016|194302|8796|10876|-1816N
08112016|194304|11288|14020|-1260N
08112016|194306|15176|8776|-224N
08112016|194308|10936|12132|-1036N
08112016|194310|7584|11024|-16N
08112016|194312|9516|9956|4140N
08112016|194314|10444|13232|12N
08112016|194316|8432|15960|-1560N
08112016|194318|9412|15172|1516N
08112016|194320|8084|8652|-1768N
08112016|194322|9268|12588|1712N
08112016|194324|8476|12492|836N
08112016|194326|13180|10508|680N
08112016|194328|13596|9348|-68N
08112016|194330|15488|8196|56N
08112016|194332|11892|6436|-3500N
08112016|194334|7104|11832|284N
08112016|194336|-2920|15344|1952N
08112016|194338|6384|14516|2508N
08112016|194340|-4552|15980|-812N
08112016|194342|-3068|15312|-2036N
08112016|194345|-1004|16516|-556N
08112016|194347|284|18508|-4100N
08112016|194349|10484|12724|-104N
08112016|194351|11760|12136|668N
08112016|194353|10480|10740|1404N
08112016|194355|9500|15468|1088N
08112016|194357|13392|15736|-2744N
08112016|194359|14876|12376|2084N
08112016|194401|12744|10216|812N
08112016|194403|13012|13144|-776N
08112016|194405|9680|16072|548N
08112016|194407|4420|16472|-776N
08112016|194409|3668|19736|1788N
08112016|194411|10072|19316|312N
08112016|194413|9616|13032|-708N
08112016|194415|7588|15948|-2528N
08112016|194417|13960|12300|3840N
08112016|194419|11796|19620|-3656N
08112016|194421|9960|13468|312N
08112016|194423|10008|11504|-2464N
08112016|194425|7220|15016|-3604N
08112016|194427|1868|14520|-1584N
08112016|194429|6436|13820|-3692N
08112016|194431|4792|15312|-1564N
08112016|194433|2408|15016|-3060N
08112016|194435|8388|12996|-5804N
08112016|194437|6144|14560|-2604N
08112016|194439|12516|10808|-4N
08112016|194441|12088|9648|564N
08112016|194443|10960|9984|1652N
08112016|194445|11988|11040|1244N
08112016|194447|13260|17404|-6716N
08112016|194449|10180|12320|2004N
08112016|194451|12856|17692|1672N
08112016|194453|9640|11932|-1384N
08112016|194455|6852|13104|-1096N
08112016|194457|7800|13800|-1500N
08112016|194459|10144|14436|-3416N
08112016|194501|7412|8704|-2296N
08112016|194503|8304|15868|-124N
08112016|194506|8272|15652|-3416N
08112016|194508|8064|13688|-2324N
08112016|194510|7184|15684|-160N
08112016|194512|7036|14968|-2036N
08112016|194514|7488|13256|428N
08112016|194516|10564|12612|364N
08112016|194518|10760|11400|-1656N
08112016|194520|13456|8220|700N
08112016|194522|17356|9796|2444N
08112016|194524|15320|10508|1164N
08112016|194526|13836|8552|6196N
08112016|194528|12276|4596|1404N
08112016|194530|13492|10216|4788N
08112016|194532|16044|8824|428N
08112016|194534|11876|6308|456N
08112016|194536|13652|10288|-2648N
08112016|194538|14600|11212|-436N
08112016|194540|11752|14472|336N
08112016|194542|12544|13232|1856N
08112016|194544|12696|5676|572N
08112016|194546|15344|7352|1968N
08112016|194548|12876|10116|1248N
08112016|194550|12032|10252|-920N
08112016|194552|12536|8956|2420N
08112016|194554|7720|13868|-440N
08112016|194556|6180|15456|-1392N
08112016|194558|6000|16504|936N
08112016|194600|4560|15536|380N
08112016|194602|9064|15504|-1452N
08112016|194604|9524|14604|616N
08112016|194606|10632|9416|1932N
08112016|194608|9712|12860|1512N
08112016|194610|11256|9712|1312N
08112016|194612|8540|13852|-1968N
08112016|194614|7828|15380|7420N
08112016|194616|9916|9152|-52N
08112016|194618|10768|11292|-616N
08112016|194620|10204|12452|-744N
08112016|194622|10900|12276|-3428N
08112016|194625|10296|12224|-1092N
08112016|194627|956|1584|-18512N
08112016|194629|5964|31004|-6476N
08112016|194631|7220|14860|-1016N
08112016|194633|9372|8916|-212N
08112016|194635|12472|15988|-1772N
08112016|194637|3196|16436|-2748N
08112016|194639|8024|13744|-1472N
08112016|194641|9584|14336|-2960N
08112016|194643|2228|16372|-3552N
08112016|194645|13736|9944|-1184N
08112016|194647|12280|9900|-268N
08112016|194649|8696|13656|2644N
08112016|194651|9576|11448|-872N
08112016|194653|8144|13356|-3972N
08112016|194655|10068|10744|-1364N
08112016|194657|9748|13852|-2588N
08112016|194659|10160|14524|-460N
08112016|194701|12340|15780|-336N
08112016|194703|11500|18828|-1356N
08112016|194705|8212|15408|-2088N
08112016|194707|9348|14156|-632N
08112016|194709|8368|11760|-1272N
08112016|194711|9412|13604|-1120N
08112016|194713|8772|14128|-2940N
08112016|194715|8212|12096|-220N
08112016|194717|9304|12604|-272N
08112016|194719|10044|13536|-3052N
08112016|194721|11852|14060|-1864N
08112016|194723|10708|11776|-1812N
08112016|194725|6324|13852|-2580N
08112016|194727|9440|13400|-2000N
08112016|194729|9388|13432|-420N
08112016|194731|10628|13684|-1124N
08112016|194733|9656|13152|-880N
08112016|194735|12092|11520|-404N
08112016|194737|6264|12652|-580N
08112016|194739|8504|15088|-672N
08112016|194741|7456|14156|-2528N
08112016|194744|7688|13936|-880N
08112016|194746|8348|13992|248N
08112016|194748|11312|16696|3612N
08112016|194750|9388|15012|532N
08112016|194752|7668|15056|-2248N
08112016|194754|8332|13780|-2180N
08112016|194756|7428|13332|-388N
08112016|194758|9148|12872|-1352N
08112016|194800|8364|13180|-80N
08112016|194802|9948|17600|-240N
08112016|194804|12804|13532|2400N
08112016|194806|9772|9068|-1064N
08112016|194808|13340|11504|-500N
08112016|194810|8356|13128|-1008N
08112016|194812|7724|17196|-428N
08112016|194814|6900|16928|-8N
08112016|194816|6340|15628|-3168N
08112016|194818|7332|14680|-752N
08112016|194820|4432|15300|-13248N
08112016|194822|4144|14736|-1948N
08112016|194824|6580|13384|-1240N
08112016|194826|10692|12712|-816N
08112016|194828|11108|12952|-1544N
08112016|194830|8480|12256|-340N
08112016|194832|6468|10468|2020N
08112016|194834|5640|14836|84N
08112016|194836|9572|15624|636N
08112016|194838|7840|13188|-1916N
08112016|194840|6404|17852|292N
08112016|194842|6652|12240|300N
08112016|194844|7088|15324|1452N
08112016|194846|3972|9640|-1624N
08112016|194848|11268|13500|1052N
08112016|194850|10088|15028|3392N
08112016|194852|11312|16232|4112N
08112016|194854|7440|7296|-564N
08112016|194856|11168|15088|3560N
08112016|194858|9508|12412|188N
08112016|194900|9408|14960|1036N
08112016|194902|8304|10360|708N
08112016|194904|15552|13392|-1564N
08112016|194907|8856|15288|76N
08112016|194909|10800|15224|-980N
08112016|194911|10848|12320|2296N
08112016|194913|8856|11356|-688N
08112016|194915|10148|7212|-832N
08112016|194917|9868|11956|360N
08112016|194919|9296|10072|-40N
08112016|194921|8776|13520|-288N
08112016|194923|8648|11272|484N
08112016|194925|9508|8024|-1200N
08112016|194927|10208|11536|-468N
08112016|194929|10616|10820|1896N
08112016|194931|9200|11040|1404N
08112016|194933|9204|13168|-2892N
08112016|194935|8540|13844|948N
08112016|194937|8332|13836|348N
08112016|194939|12696|21352|3888N
08112016|194941|11476|9712|1068N
08112016|194943|13588|11584|-508N
08112016|194945|11016|10848|-1568N
08112016|194947|11108|9400|452N
08112016|194949|8524|12424|4696N
08112016|194951|1556|14384|-732N
08112016|194953|4340|16936|1256N
08112016|194955|4208|15568|-848N
08112016|194957|9128|16124|-1328N
08112016|194959|7684|12684|-284N
08112016|195001|15372|3780|-1592N
08112016|195003|7580|21372|-1548N
08112016|195005|4552|13012|-876N
08112016|195007|5400|15164|620N
08112016|195009|10132|14476|936N
08112016|195011|4720|15500|-2140N
08112016|195013|3716|14244|-1348N
08112016|195015|5192|13084|-1248N
08112016|195017|11596|12648|-1268N
08112016|195019|11248|10328|1788N
08112016|195021|13036|10328|-1068N
08112016|195023|13296|13660|492N
08112016|195026|10708|10368|-224N
08112016|195028|2436|18916|-1836N
08112016|195030|2780|14916|-1592N
08112016|195032|4900|16132|-3076N
08112016|195034|5648|15896|-2160N
08112016|195036|11128|10348|-1636N
08112016|195038|12544|9508|-372N
08112016|195040|13840|7832|-2508N
08112016|195042|15152|6480|-4060N
08112016|195044|13992|6452|-2528N
08112016|195046|12104|10420|-2828N
08112016|195048|13300|8156|-5200N
08112016|195050|12328|7808|-4300N
08112016|195052|12860|17228|-3460N
08112016|195054|15608|7700|-3732N
08112016|195056|14840|6812|-2448N
08112016|195058|8836|5664|-1712N
08112016|195100|15340|7056|-4840N
08112016|195102|12344|3576|-1140N
08112016|195104|14284|10292|-776N
08112016|195106|13744|3352|-5724N
08112016|195108|13564|10392|-972N
08112016|195110|13668|8708|-2372N
08112016|195112|10196|11636|2376N
08112016|195114|12484|13064|-2040N
08112016|195116|11980|12320|-1608N
08112016|195118|14024|12860|184N
08112016|195120|13824|11676|-2784N
08112016|195122|12876|9544|284N
08112016|195124|11704|9332|-1436N
08112016|195126|12640|11844|4188N
08112016|195128|9216|12184|-776N
08112016|195130|11848|10976|-532N
08112016|195132|15296|-1204|-11116N
08112016|195134|1768|15992|-3780N
08112016|195136|2396|16408|-1048N
08112016|195138|2632|16328|-1592N
08112016|195140|3152|16324|-572N
08112016|195142|4536|16260|1664N
08112016|195144|2884|15332|-424N
08112016|195147|4748|16596|-672N
08112016|195149|2204|16140|-1440N
08112016|195151|1780|16284|-1464N
08112016|195153|2056|15336|-2724N
08112016|195155|1984|16056|-3544N
08112016|195157|6584|15300|-4140N
08112016|195159|4804|15112|-5404N
08112016|195201|5256|13888|-6056N
08112016|195203|10552|19976|-1928N
08112016|195205|4832|15932|-2428N
08112016|195207|5252|15160|-5576N
08112016|195209|1860|16048|-3316N
08112016|195211|5688|15392|-2560N
08112016|195213|6528|12900|-1836N
08112016|195215|6260|5216|-3452N
08112016|195217|6248|8600|-4084N
08112016|195219|4552|16252|-2340N
08112016|195221|4872|17824|-1528N
08112016|195223|7704|14896|-3116N
08112016|195225|8212|9192|1172N
08112016|195227|5740|17108|-2468N
08112016|195229|540|15100|-1696N
08112016|195231|1440|15368|-2108N
08112016|195233|3072|15212|-3804N
08112016|195235|3168|15524|-4712N
08112016|195237|3284|15192|-2652N
08112016|195239|2700|15008|-2492N
08112016|195241|6780|13920|-3736N
08112016|195243|5856|14288|-2580N
08112016|195245|10720|12888|-2584N
08112016|195247|9260|13356|-1904N
08112016|195249|10036|12344|-364N
08112016|195251|10648|15772|872N
08112016|195253|5160|12260|-2824N
08112016|195255|5920|13280|148N
08112016|195257|7536|12740|-1660N
08112016|195259|6612|16036|808N
08112016|195301|7368|16172|-436N
08112016|195304|6412|20028|-2540N
08112016|195306|8108|15708|-2120N
08112016|195308|7204|15440|-3620N
08112016|195310|8292|21096|-3108N
08112016|195312|8080|13432|-3400N
08112016|195314|3452|13180|-408N
08112016|195316|7624|13820|1392N
08112016|195318|7084|14472|-924N
08112016|195320|6036|15056|2384N
08112016|195322|8936|14168|-2744N
08112016|195324|9012|13932|-4476N
08112016|195326|10184|15276|808N
08112016|195328|11568|12524|-1120N
08112016|195330|9852|15544|-524N
08112016|195332|8440|14484|-1364N
08112016|195334|7680|15776|1268N
08112016|195336|1700|15968|-2352N
08112016|195338|2324|15572|-3924N
08112016|195340|3380|14700|-1756N
08112016|195342|9100|12500|-716N
08112016|195344|12328|9424|-168N
08112016|195346|11132|12440|1044N
08112016|195348|9640|13628|748N
08112016|195350|7636|8684|1008N
08112016|195352|8544|14592|-2036N
08112016|195354|9008|14472|-452N
08112016|195356|6148|12536|1416N
08112016|195358|9848|13080|-608N
08112016|195400|8196|13636|516N
08112016|195402|9048|14884|-1448N
08112016|195404|7164|10288|644N
08112016|195406|12472|11580|28N
08112016|195408|10336|14500|1280N
08112016|195410|9292|13456|-1948N
08112016|195412|7520|13680|612N
08112016|195414|8456|15176|-1236N
08112016|195416|4816|14748|-372N
08112016|195418|7160|15440|1044N
08112016|195420|5512|15976|124N
08112016|195423|4592|15440|-1368N
08112016|195425|4712|15160|-464N
08112016|195427|2072|15764|-3240N
08112016|195429|2728|15120|-1472N
08112016|195431|2388|16240|-184N
08112016|195433|2660|16664|-1256N
08112016|195435|9056|16620|-3008N
08112016|195437|4544|16204|-4644N
08112016|195439|6084|15052|-2116N
08112016|195441|11216|11880|-92N
08112016|195443|14868|7132|1856N
08112016|195445|14804|11272|1756N
08112016|195447|11808|12988|400N
08112016|195449|11008|12392|-616N
08112016|195451|11040|12308|1028N
08112016|195453|9784|13572|-2064N
08112016|195455|12412|10972|-1508N
08112016|195457|9112|12356|992N
08112016|195459|7176|14560|5092N
08112016|195501|8132|12884|-2412N
08112016|195503|6716|13968|4796N
08112016|195505|9112|14560|1220N
08112016|195507|7968|12020|-180N
08112016|195509|9880|13528|1356N
08112016|195511|8272|14612|540N
08112016|195513|9688|14448|-876N
08112016|195515|7284|13296|-2256N
08112016|195517|6728|18576|-7560N
08112016|195519|7400|17732|-2668N
08112016|195521|7724|15796|820N
08112016|195523|7328|16240|20N
08112016|195525|7408|13940|-884N
08112016|195527|6324|15180|40N
08112016|195529|8316|15164|-388N
08112016|195531|7560|15220|-1920N
08112016|195533|6176|14980|-916N
08112016|195535|5672|15832|-1976N
08112016|195538|7896|13980|-776N
08112016|195540|8924|13620|3316N
08112016|195542|8444|15416|-656N
08112016|195544|3968|15832|3064N
08112016|195546|10124|14524|1708N
08112016|195548|8196|13428|-728N
08112016|195550|2416|14908|-4408N
08112016|195552|11432|14036|616N
08112016|195554|11224|14024|808N
08112016|195556|7748|14352|-2712N
08112016|195558|9580|12788|1208N
08112016|195600|9924|11768|920N
08112016|195602|8604|11788|-404N
08112016|195604|8252|12140|164N
08112016|195606|8616|14884|312N
08112016|195608|7140|15792|2192N
08112016|195610|3144|13856|-1564N
08112016|195612|4724|18396|1800N
08112016|195614|10232|12756|-2664N
08112016|195616|8212|14364|-3516N
08112016|195618|10172|13752|940N
08112016|195620|7792|13848|-388N
08112016|195622|4608|15108|-2084N
08112016|195624|9764|15712|-360N
08112016|195626|8324|12544|-1752N
08112016|195628|9900|13712|4N
08112016|195630|13616|15032|1540N
08112016|195632|7828|15372|1456N
08112016|195634|6644|15432|2588N
08112016|195636|8624|12992|-1720N
08112016|195638|9864|13376|-844N
08112016|195640|11832|11388|-636N
08112016|195642|11832|13352|-2108N
08112016|195644|10348|12516|2480N
08112016|195646|8324|13852|-380N
08112016|195648|9712|12620|-3428N
08112016|195650|10896|14084|-2392N
08112016|195652|10980|9960|1368N
08112016|195654|9476|11284|612N
08112016|195656|7592|12472|1908N
08112016|195659|6736|14752|1104N
08112016|195701|9368|14872|-1572N
08112016|195703|8668|13908|-3788N
08112016|195705|6840|14020|-2124N
08112016|195707|6952|16164|-468N
08112016|195709|9072|12136|-3656N
08112016|195711|6152|14592|-3812N
08112016|195713|9556|11220|-3200N
08112016|195715|8172|14956|248N
08112016|195717|9400|16744|2484N
08112016|195719|9336|14636|644N
08112016|195721|10252|12792|2044N
08112016|195723|9668|12440|576N
08112016|195725|7004|13868|-5256N
08112016|195727|8788|13960|-7972N
08112016|195729|7320|13564|-7020N
08112016|195731|6984|11916|-1848N
08112016|195733|10028|8924|2128N
08112016|195735|10352|12672|1368N
08112016|195737|10280|9128|2068N
08112016|195739|9712|11436|2956N
08112016|195741|12096|11676|-1352N
08112016|195743|10584|11512|-1128N
08112016|195745|11348|9868|964N
08112016|195747|10220|14268|-228N
08112016|195749|7808|8084|-52N
08112016|195751|9108|10504|2116N
08112016|195753|10480|13176|-752N
08112016|195755|12380|9356|-68N
08112016|195757|12756|12604|-1360N
08112016|195759|12640|12824|-740N
08112016|195801|11120|15296|-1056N
08112016|195803|7968|13536|-1424N
08112016|195805|11308|9968|-12N
08112016|195807|7504|13712|-692N
08112016|195809|10552|10732|-1036N
08112016|195811|12200|12760|936N
08112016|195813|18540|5920|-244N
08112016|195815|6816|14504|1076N
08112016|195818|5376|15724|-2184N
08112016|195820|4556|15880|-292N
08112016|195822|5432|13916|1060N
08112016|195824|4908|16576|2032N
08112016|195826|10888|10972|1436N
08112016|195828|11992|10216|2132N
08112016|195830|7472|10648|788N
08112016|195832|9252|14300|344N
08112016|195834|7364|12604|5280N
08112016|195836|9124|13688|-4N
08112016|195838|8772|11568|2344N
08112016|195840|5396|15644|-668N
08112016|195842|6704|15188|240N
08112016|195844|5284|13436|-1048N
08112016|195846|4372|18088|-840N
08112016|195848|5648|15420|-1092N
08112016|195850|7576|13788|2096N
08112016|195852|11044|9964|2928N
08112016|195854|7052|16544|-1844N
08112016|195856|11956|11804|600N
08112016|195858|8812|14308|1200N
08112016|195900|8480|10712|-160N
08112016|195902|9256|10888|-288N
08112016|195904|10080|15108|620N
08112016|195906|11796|11660|1280N
08112016|195908|7724|15940|1248N
08112016|195910|7652|12136|-460N
08112016|195912|8740|14972|2512N
08112016|195914|7504|11104|-8N
08112016|195916|7524|15756|592N
08112016|195918|7628|7524|-2548N
08112016|195920|6960|18424|100N
08112016|195922|6584|15040|-224N
08112016|195924|8500|12504|48N
08112016|195926|7676|16724|1380N
08112016|195928|8060|14272|-2104N
08112016|195930|9236|16360|-2060N
08112016|195933|8752|16652|-1624N
08112016|195935|9540|14484|20N
08112016|195937|8748|16240|-1824N
08112016|195939|8172|14044|-1000N
08112016|195941|7728|14144|544N
08112016|195943|13016|14828|4392N
08112016|195945|9964|12800|2592N
08112016|195947|10048|14912|-32N
08112016|195949|7152|11480|-1084N
08112016|195951|8364|14616|2100N
08112016|195953|13872|11048|1588N
08112016|195955|11504|11304|2720N
08112016|195957|6220|18116|-1800N
08112016|195959|8644|10756|992N
08112016|200001|5728|6576|-1936N
08112016|200003|13164|15384|-6472N
08112016|200005|10036|12832|552N
08112016|200007|7164|11688|3376N
08112016|200009|11140|12980|-380N
08112016|200011|8152|10948|2852N
08112016|200013|11176|13756|508N
08112016|200015|11072|11192|1392N
08112016|200017|12236|12420|168N
08112016|200019|10112|8608|4896N
08112016|200021|10488|11852|1432N
08112016|200023|11040|17136|1084N
08112016|200025|11496|12456|-1000N
08112016|200027|6380|15268|-2428N
08112016|200029|9436|14924|-344N
08112016|200031|8404|14776|296N
08112016|200033|8876|10776|1252N
08112016|200035|8152|14380|296N
08112016|200037|7760|14372|508N
08112016|200039|5960|12532|1836N
08112016|200041|8456|13004|-348N
08112016|200043|7756|14752|-808N
08112016|200045|8056|12328|272N
08112016|200047|8888|15752|-1632N
08112016|200049|9764|11404|-1952N
08112016|200052|9216|11732|-1444N
08112016|200054|11204|13068|-2972N
08112016|200056|12000|10828|100N
08112016|200058|10468|13932|-2024N
08112016|200100|6780|14972|2084N
08112016|200102|7508|13732|376N
08112016|200104|8260|14864|-2040N
08112016|200106|6012|11924|4032N
08112016|200108|6788|14880|2008N
08112016|200110|11240|14288|2336N
08112016|200112|7372|14904|2688N
08112016|200114|8296|11628|320N
08112016|200116|9688|15452|1696N
08112016|200118|8708|15440|-1328N
08112016|200120|6484|15224|-356N
08112016|200122|8888|13056|-340N
08112016|200124|8964|14200|-664N
08112016|200126|7084|12964|5736N
08112016|200128|10728|12480|152N
08112016|200130|5308|17404|-832N
08112016|200132|552|15828|-1292N
08112016|200134|11572|13812|-1240N
08112016|200136|7664|14700|-576N
08112016|200138|5868|13852|-2352N
08112016|200140|10920|13768|-2240N
08112016|200142|15596|10820|-2484N
08112016|200144|10476|14516|-1004N
08112016|200146|7188|15552|3532N
08112016|200148|6712|22404|1168N
08112016|200150|7148|14828|-1480N
08112016|200152|10692|12012|704N
08112016|200154|9420|13912|1620N
08112016|200156|12508|14416|-388N
08112016|200158|12648|11080|392N
08112016|200200|8704|12976|3584N
08112016|200202|10448|6176|2504N
08112016|200204|8300|11204|1140N
08112016|200206|12512|11600|252N
08112016|200208|7680|13528|3200N
08112016|200210|6952|14544|-1044N
08112016|200213|12000|13756|2728N
08112016|200215|10008|11680|1528N
08112016|200217|10392|11344|112N
08112016|200219|10976|14980|2936N
08112016|200221|9836|14004|-1096N
08112016|200223|11568|13584|2900N
08112016|200225|9120|9860|-1204N
08112016|200227|9612|14308|-428N
08112016|200229|8168|11396|-140N
08112016|200231|11600|7232|-15164N
08112016|200233|4968|14704|-536N
08112016|200235|9552|14776|-2504N
08112016|200237|6160|14200|-156N
08112016|200239|5716|18440|-1100N
08112016|200241|668|14780|-2048N
08112016|200243|6548|16560|-1948N
08112016|200245|6944|15724|-1464N
08112016|200247|6624|12168|-596N
08112016|200249|4912|16900|32N
08112016|200251|256|16760|-1760N
08112016|200253|624|14632|-1352N
08112016|200255|2228|16244|-2184N
08112016|200257|10732|12692|-1460N
08112016|200259|6984|12344|912N
08112016|200301|9676|15472|320N
08112016|200303|8932|13172|-3236N
08112016|200305|9372|13044|-980N
08112016|200307|5952|16556|-4140N
08112016|200309|4660|15900|-1520N
08112016|200311|4880|15336|2872N
08112016|200313|4980|14384|-2336N
08112016|200315|5304|14680|-3800N
08112016|200317|7616|14544|-4508N
08112016|200319|3744|15796|-2308N
08112016|200321|9356|14512|-3364N
08112016|200323|6612|11948|-4076N
08112016|200325|1896|13436|-1512N
08112016|200327|6572|13428|-208N
08112016|200329|6420|11636|-3396N
08112016|200332|7312|10056|1036N
08112016|200334|9028|12860|-2564N
08112016|200336|7140|14464|-4120N
08112016|200338|8268|12832|-1784N
08112016|200340|6412|16480|-764N
08112016|200342|5204|14932|-2380N
08112016|200344|2468|18444|-816N
08112016|200346|-988|17300|-396N
08112016|200348|-344|16968|276N
08112016|200350|2696|16232|-1084N
08112016|200352|8076|11668|-3040N
08112016|200354|8760|9672|-1236N
08112016|200356|8912|16512|-2156N
08112016|200358|6184|16528|5184N
08112016|200400|8172|14320|-3988N
08112016|200402|4068|15300|968N
08112016|200404|9952|13148|-2548N
08112016|200406|6884|13780|-5644N
08112016|200408|6776|14916|-388N
08112016|200410|5000|11724|-5600N
08112016|200412|10768|17436|-280N
08112016|200414|10776|12720|-824N
08112016|200416|7292|14048|2136N
08112016|200418|3808|14544|-640N
08112016|200420|2940|16488|-1756N
08112016|200422|5012|16600|1948N
08112016|200424|7816|13452|-1320N
08112016|200426|4568|15508|-4436N
08112016|200428|9296|13540|-1472N
08112016|200430|9196|11952|-1524N
08112016|200432|10116|9308|-3060N
08112016|200434|9788|12040|-3172N
08112016|200436|2728|15164|-5436N
08112016|200438|3960|14876|-2296N
08112016|200440|4620|16056|-4248N
08112016|200442|3400|16724|-1996N
08112016|200444|3972|15560|-2456N
08112016|200446|3348|15436|-3812N
08112016|200449|3056|15800|-2912N
08112016|200451|9660|12968|-4140N
08112016|200453|11640|11712|-1604N
08112016|200455|11260|11376|-2256N
08112016|200457|9772|12212|-3428N
08112016|200459|11552|12676|-508N
08112016|200501|11336|10620|-956N
08112016|200503|10748|13680|-1304N
08112016|200505|7536|13468|1116N
08112016|200507|8340|15476|-5288N
08112016|200509|6368|15400|-1016N
08112016|200511|1160|15484|-2472N
08112016|200513|5776|16964|-4800N
08112016|200515|7996|12604|-5324N
08112016|200517|14476|8904|-4404N
08112016|200519|12196|8524|-6916N
08112016|200521|11204|8712|-8144N
08112016|200523|11300|11264|-4340N
08112016|200525|8460|12852|-6524N
08112016|200527|7892|12856|-8708N
08112016|200529|8752|10400|-8900N
08112016|200531|9224|12224|-10120N
08112016|200533|15496|14668|-7536N
08112016|200535|12636|11008|-7224N
08112016|200537|3356|14552|-4108N
08112016|200539|4832|13452|-3772N
08112016|200541|9624|13184|-2868N
08112016|200543|8072|14684|-2436N
08112016|200545|10644|12276|-1168N
08112016|200547|9956|12756|-2696N
08112016|200549|9200|14636|-584N
08112016|200551|9788|13392|-2452N
08112016|200553|7196|12332|-2984N
08112016|200555|2436|15620|-4372N
08112016|200557|2080|17164|-3408N
08112016|200559|-272|15828|-5176N
08112016|200601|1372|15564|-4784N
08112016|200603|4032|15620|-3668N
08112016|200605|6116|15228|-3808N
08112016|200608|7736|12844|-9408N
08112016|200610|5212|13436|-3484N
08112016|200612|4804|11068|-4540N
08112016|200614|8736|13804|-5096N
08112016|200616|3636|14584|-5380N
08112016|200618|4840|16360|-4612N
08112016|200620|6048|15544|-5828N
08112016|200622|1588|22616|-5984N
08112016|200624|9184|14492|-5432N
08112016|200626|11980|16380|-416N
08112016|200628|6692|11360|-2456N
08112016|200630|5940|13964|-4136N
08112016|200632|8876|12352|-2504N
08112016|200634|8996|13496|-2816N
08112016|200636|11752|10980|-3544N
08112016|200638|9780|12164|724N
08112016|200640|9640|13092|-1480N
08112016|200642|11312|14768|-200N
08112016|200644|6816|13744|-3288N
08112016|200646|7900|13036|-4128N
08112016|200648|7504|15260|-5000N
08112016|200650|7416|16916|-2564N
08112016|200652|10084|15120|-2040N
08112016|200654|7216|12520|-2404N
08112016|200656|7068|16044|-1924N
08112016|200658|5016|14944|-4332N
08112016|200700|4212|15160|-2672N
08112016|200702|10164|14904|-1224N
08112016|200704|9368|18076|-1124N
08112016|200706|8736|14840|-1124N
08112016|200708|9556|14784|720N
08112016|200710|8216|16512|-2712N
08112016|200712|11440|11468|-1996N
08112016|200714|10940|14624|3452N
08112016|200716|7668|14796|-324N
08112016|200718|4472|14996|-3740N
08112016|200720|3732|14004|-2796N
08112016|200722|7320|13052|-1248N
08112016|200725|9316|14836|-2340N
08112016|200727|10744|13012|-1932N
08112016|200729|10220|14000|-3052N
08112016|200731|9288|14364|-2444N
08112016|200733|8792|11684|-3776N
08112016|200735|11684|17900|-1736N
08112016|200737|8836|12972|-1236N
08112016|200739|10116|12708|-3856N
08112016|200741|7604|13396|-3532N
08112016|200743|9732|13148|-4048N
08112016|200745|4764|13976|-4852N
08112016|200747|7096|14252|-2228N
08112016|200749|9604|13384|-2060N
08112016|200751|7236|15740|-4368N
08112016|200753|6088|14344|-2372N
08112016|200755|3248|15460|-2836N
08112016|200757|9804|14892|-3092N
08112016|200759|6088|12448|-1884N
08112016|200801|3244|16536|-6248N
08112016|200803|5216|14700|-3636N
08112016|200805|8720|16328|-3240N
08112016|200807|7960|13364|568N
08112016|200809|9180|12972|-1072N
08112016|200811|6304|13908|-3400N
08112016|200813|9244|12784|-5176N
08112016|200815|8108|10904|-6424N
08112016|200817|9416|13556|-6224N
08112016|200819|9120|12952|-1160N
08112016|200821|7104|14656|-2760N
08112016|200823|4132|15004|-2572N
08112016|200825|4648|16332|-3380N
08112016|200827|6756|15088|-5032N
08112016|200829|8712|14200|-1840N
08112016|200831|11916|11676|1640N
08112016|200833|11352|13288|952N
08112016|200835|8064|12476|-1728N
08112016|200837|11344|12788|1104N
08112016|200839|7712|11648|3680N
08112016|200841|11048|11112|8372N
08112016|200844|11324|9324|3240N
08112016|200846|8932|8164|896N
08112016|200848|7920|14516|3164N
08112016|200850|4608|14648|-3816N
08112016|200852|6524|15520|-1776N
08112016|200854|6664|15880|-1440N
08112016|200856|1544|15560|-3244N
08112016|200858|1728|15776|-4180N
08112016|200900|1640|15588|-4920N
08112016|200902|2248|15844|-4076N
08112016|200904|2724|15644|-4268N
08112016|200906|5228|14668|-4012N
08112016|200908|14460|10028|2216N
08112016|200910|11276|10688|4448N
08112016|200912|10656|9432|5804N
08112016|200914|9412|13040|3580N
08112016|200916|9996|10888|2644N
08112016|200918|15096|8340|6860N
08112016|200920|6064|15432|1160N
08112016|200922|2188|15632|-2816N
08112016|200924|3028|16240|-912N
08112016|200926|1776|15340|-4724N
08112016|200928|976|15848|-4300N
08112016|200930|1440|15896|-3108N
08112016|200932|1856|15956|-3984N
08112016|200934|976|15688|-3584N
08112016|200936|7872|13792|-2784N
08112016|200938|7944|13072|-2588N
08112016|200940|7032|13160|-1720N
08112016|200942|5444|17620|-928N
08112016|200944|1536|16660|-4828N
08112016|200946|440|16328|-4748N
08112016|200948|3112|16300|-2360N
08112016|200950|124|16828|-8536N
08112016|200952|1608|13260|-6696N
08112016|200954|5448|17992|-5932N
08112016|200956|4416|15808|-676N
08112016|200958|536|16424|-5396N
08112016|201000|3096|14408|-6288N
08112016|201003|3928|12732|-9192N
08112016|201005|12036|10884|-996N
08112016|201007|1992|14124|2584N
08112016|201009|6600|15688|-860N
08112016|201011|12052|11148|2112N
08112016|201013|10684|11800|-564N
08112016|201015|7804|14152|-1152N
08112016|201017|7976|14308|1784N
08112016|201019|9496|12308|2596N
08112016|201021|8392|12324|2852N
08112016|201023|7032|13504|2492N
08112016|201025|7440|13776|436N
08112016|201027|8748|12784|1864N
08112016|201029|8352|14360|1832N
08112016|201031|5268|15368|-600N
08112016|201033|3688|16236|-1784N
08112016|201035|7972|21552|6364N
08112016|201037|-20|5772|-5880N
08112016|201039|8056|14988|-4456N
08112016|201041|8980|16720|668N
08112016|201043|7088|14016|2208N
08112016|201045|3012|16164|1884N
08112016|201047|-1388|15816|-752N
08112016|201049|7348|15012|-356N
08112016|201051|8016|14416|728N
08112016|201053|7584|14396|1036N
08112016|201055|7108|15080|164N
08112016|201057|6472|15192|124N
08112016|201059|6544|15208|-168N
08112016|201101|11648|15824|4072N
08112016|201103|4352|16544|-2384N
08112016|201105|3012|28456|-9592N
08112016|201107|5688|13064|-920N
08112016|201109|5088|16156|-1152N
08112016|201111|3996|15652|-1584N
08112016|201113|5892|16384|-704N
08112016|201115|5156|16336|-1220N
08112016|201117|2056|17360|-1512N
08112016|201119|3168|15144|-2372N
08112016|201122|3872|15608|-2104N
08112016|201124|2776|15268|-2256N
08112016|201126|3908|15568|-2440N
08112016|201128|5212|15316|-3460N
08112016|201130|5312|15500|-3384N
08112016|201132|7920|14612|-1412N
08112016|201134|9564|13136|-2308N
08112016|201136|10092|13376|4884N
08112016|201138|7344|14808|300N
08112016|201140|10620|13400|1108N
08112016|201142|10080|13276|-188N
08112016|201144|10720|12464|-204N
08112016|201146|10912|13456|-1188N
08112016|201148|10484|12844|0N
08112016|201150|12788|12356|-1444N
08112016|201152|11004|12428|608N
08112016|201154|10464|12660|384N
08112016|201156|10004|12744|692N
08112016|201158|9656|13480|388N
08112016|201200|9856|13188|-60N
08112016|201202|11652|12316|1896N
08112016|201204|12176|11888|1752N
08112016|201206|11288|12116|1880N
08112016|201208|11544|11484|2120N
08112016|201210|11368|11940|2640N
08112016|201212|11984|11940|676N
08112016|201214|11108|11532|3280N
08112016|201216|11356|11116|3040N
08112016|201218|11236|11636|3420N
08112016|201220|9756|12620|-780N
08112016|201222|6632|14136|-232N
08112016|201224|3628|16500|-1464N
08112016|201226|3492|15780|-3096N
08112016|201228|3936|16184|-3272N
08112016|201230|4584|15240|-2576N
08112016|201232|5300|15348|-2448N
08112016|201234|5052|15320|-2684N
08112016|201236|8016|14076|-1020N
08112016|201238|7904|14520|-820N
08112016|201241|7516|15112|-4648N
08112016|201243|11164|12856|1568N
08112016|201245|10128|12552|-476N
08112016|201247|10336|12480|156N
08112016|201249|8860|13492|-672N
08112016|201251|8976|13604|-1884N
08112016|201253|8876|13512|-2548N
08112016|201255|10968|13060|-3716N
08112016|201257|9852|12668|-2368N
08112016|201259|9692|12804|-4100N
08112016|201301|8724|12688|-3052N
08112016|201303|8608|10908|-2448N
08112016|201305|6720|16564|-992N
08112016|201307|8332|14208|-236N
08112016|201309|8888|13080|2124N
08112016|201311|10024|13416|-216N
08112016|201313|13404|12316|-3368N
08112016|201315|7264|13692|1476N
08112016|201317|10340|10776|1100N
08112016|201319|8420|14980|-432N
08112016|201321|8252|17628|1412N
08112016|201323|7288|15084|-2876N
08112016|201325|9500|12084|-2392N
08112016|201327|11172|12944|236N
08112016|201329|9572|11816|780N
08112016|201331|13936|12412|920N
08112016|201333|16804|16456|-4532N
08112016|201335|7364|17628|316N
08112016|201337|136|13388|3612N
08112016|201339|8460|12308|6152N
08112016|201341|6108|14584|-4448N
08112016|201343|10588|13440|-7060N
08112016|201345|-356|15492|672N
08112016|201347|10300|13480|280N
08112016|201349|9960|10920|-4968N
08112016|201351|9020|11104|-5564N
08112016|201353|10104|11388|-4244N
08112016|201356|11596|12920|-1712N
08112016|201358|11660|11676|1296N
08112016|201400|12988|10848|-308N
08112016|201402|9748|12296|-3072N
08112016|201404|8416|16792|-1764N
08112016|201406|8900|14912|-1468N
08112016|201408|9336|13532|1588N
08112016|201410|4228|14404|-1400N
08112016|201412|14812|14840|-2000N
08112016|201414|13764|10856|-4152N
08112016|201416|7812|12068|-1852N
08112016|201418|2248|8864|-2760N
08112016|201420|10392|10932|-6028N
08112016|201422|6324|7708|-13860N
08112016|201424|5844|8464|-10740N
08112016|201426|5524|7572|-10284N
08112016|201428|9268|7796|-10544N
08112016|201430|6804|7784|-13084N
08112016|201432|6588|7184|-13684N
08112016|201434|6668|7472|-13832N
08112016|201436|-240|5700|-25944N
08112016|201438|7232|7300|-14828N
08112016|201440|7544|8868|-11632N
08112016|201442|6540|8516|-12904N
08112016|201444|6572|8140|-12960N
08112016|201446|8568|12168|-19872N
08112016|201448|8828|8072|-15188N
08112016|201450|7840|9636|-12740N
08112016|201452|6948|6632|-14200N
08112016|201454|7156|6688|-13676N
08112016|201456|7412|6584|-13196N
08112016|201458|8068|7268|-12184N
08112016|201500|7508|7664|-12412N
08112016|201502|7340|8436|-12748N
08112016|201504|4448|6268|-18480N
08112016|201506|13564|4352|-13108N
08112016|201508|6800|8152|-12256N
08112016|201510|10164|9780|-13344N
08112016|201513|5528|7020|-14108N
08112016|201515|7088|7712|-13008N
08112016|201517|6876|7892|-13200N
08112016|201519|6904|7908|-12952N
08112016|201521|7252|8420|-12724N
08112016|201523|7232|8224|-12816N
08112016|201525|6696|7448|-13424N
08112016|201527|6436|7724|-13176N
08112016|201529|6888|7400|-13272N
08112016|201531|6528|7696|-13532N
08112016|201533|6568|7800|-12756N
08112016|201535|6664|7856|-13012N
08112016|201537|6720|7468|-13236N
08112016|201539|7448|6940|-13324N
08112016|201541|8324|7188|-12924N
08112016|201543|6624|7568|-13452N
08112016|201545|6528|7760|-13428N
08112016|201547|6648|7796|-13168N
08112016|201549|6908|7480|-13656N
08112016|201551|7860|7688|-8408N
08112016|201553|7504|7540|-13112N
08112016|201555|7792|7692|-12828N
08112016|201557|7380|8136|-12924N
08112016|201559|7504|9628|-15932N
08112016|201601|-32768|32767|-29340N
