04102016|000000|188|468|16508
04102016|000002|208|416|16420
04102016|000004|136|380|16428
04102016|000006|268|444|16420
04102016|000009|208|388|16516
04102016|000011|272|404|16528
04102016|000013|268|428|16408
04102016|000015|232|352|16332
04102016|000018|212|464|16568
04102016|000020|220|392|16416
04102016|000022|168|504|16516
04102016|000024|288|384|16220
04102016|000027|336|356|16340
04102016|000029|228|440|16420
04102016|000031|252|368|16456
04102016|000033|276|444|16472
04102016|000036|252|360|16352
04102016|000038|300|456|16352
04102016|000040|280|352|16220
04102016|000042|236|292|16496
04102016|000045|236|424|16404
04102016|000047|332|424|16492
04102016|000049|212|376|16388
04102016|000051|252|388|16504
04102016|000054|220|384|16432
04102016|000056|220|356|16516
04102016|000058|224|416|16300
04102016|000100|252|400|16396
04102016|000103|268|428|16340
04102016|000105|96|412|16336
04102016|000107|164|380|16592
04102016|000109|228|364|16408
04102016|000112|244|440|16396
04102016|000114|296|300|16312
04102016|000116|316|400|16392
04102016|000118|244|344|16568
04102016|000121|256|472|16416
04102016|000123|196|436|16364
04102016|000125|216|380|16388
04102016|000127|212|444|16524
04102016|000130|252|328|16344
04102016|000132|252|480|16392
04102016|000134|212|504|16492
04102016|000136|272|244|16456
04102016|000139|148|300|16524
04102016|000141|212|352|16396
04102016|000143|184|412|16392
04102016|000145|264|328|16396
04102016|000148|260|412|16540
04102016|000150|148|384|16448
04102016|000152|236|432|16316
04102016|000154|276|396|16376
04102016|000157|268|356|16400
04102016|000159|212|508|16416
04102016|000201|196|456|16460
04102016|000203|244|420|16556
04102016|000206|188|368|16480
04102016|000208|284|412|16332
04102016|000210|280|448|16412
04102016|000212|272|424|16432
04102016|000215|164|396|16256
04102016|000217|280|432|16344
04102016|000219|184|404|16436
04102016|000221|228|404|16436
04102016|000224|180|336|16268
04102016|000226|172|404|16448
04102016|000228|188|364|16444
04102016|000230|240|424|16404
04102016|000233|216|408|16432
04102016|000235|232|456|16412
04102016|000237|244|424|16408
04102016|000239|220|400|16528
04102016|000242|328|408|16436
04102016|000244|212|424|16416
04102016|000246|292|436|16464
04102016|000248|172|356|16476
04102016|000251|240|388|16460
04102016|000253|284|432|16404
04102016|000255|172|344|16404
04102016|000257|348|344|16284
04102016|000300|216|432|16440
04102016|000302|212|412|16392
04102016|000304|344|404|16504
04102016|000306|236|392|16512
04102016|000309|168|412|16412
04102016|000311|196|328|16448
04102016|000313|252|416|16396
04102016|000315|188|368|16444
04102016|000318|216|384|16364
04102016|000320|188|480|16504
04102016|000322|248|404|16316
04102016|000324|212|320|16440
04102016|000327|224|448|16352
04102016|000329|280|380|16464
04102016|000331|104|516|16484
04102016|000333|276|428|16468
04102016|000336|188|368|16512
04102016|000338|252|392|16520
04102016|000340|216|360|16500
04102016|000342|264|440|16420
04102016|000345|284|480|16544
04102016|000347|204|424|16540
04102016|000349|244|412|16380
04102016|000351|204|348|16300
04102016|000354|216|472|16360
04102016|000356|272|516|16468
04102016|000358|204|484|16456
04102016|000400|256|412|16312
04102016|000403|244|476|16476
04102016|000405|280|404|16572
04102016|000407|200|392|16464
04102016|000409|232|352|16348
04102016|000412|172|376|16496
04102016|000414|356|500|16500
04102016|000416|200|396|16404
04102016|000418|240|368|16428
04102016|000421|148|344|16432
04102016|000423|308|412|16396
04102016|000425|208|392|16336
04102016|000427|196|444|16480
04102016|000430|328|380|16292
04102016|000432|204|368|16444
04102016|000434|212|424|16440
04102016|000436|216|404|16520
04102016|000439|184|352|16360
04102016|000441|240|448|16428
04102016|000443|244|400|16232
04102016|000445|360|432|16452
04102016|000448|184|380|16408
04102016|000450|352|312|16248
04102016|000452|228|420|16556
04102016|000454|168|452|16356
04102016|000457|224|348|16352
04102016|000459|224|472|16620
04102016|000501|164|368|16376
04102016|000503|232|492|16536
04102016|000506|192|376|16344
04102016|000508|328|396|16504
04102016|000510|192|408|16384
04102016|000512|264|388|16364
04102016|000515|124|368|16404
04102016|000517|224|380|16368
04102016|000519|228|432|16404
04102016|000521|216|468|16484
04102016|000524|116|408|16448
04102016|000526|220|404|16564
04102016|000528|172|436|16424
04102016|000530|164|464|16576
04102016|000533|200|312|16416
04102016|000535|272|368|16488
04102016|000537|256|420|16580
04102016|000539|180|416|16420
04102016|000542|232|380|16532
04102016|000544|224|452|16420
04102016|000546|256|304|16556
04102016|000548|224|416|16384
04102016|000551|236|348|16324
04102016|000553|196|416|16512
04102016|000555|268|384|16420
04102016|000557|216|428|16452
04102016|000600|244|316|16396
04102016|000602|300|276|16400
04102016|000604|272|388|16472
04102016|000606|176|488|16488
04102016|000609|192|416|16492
04102016|000611|252|404|16388
04102016|000613|212|432|16456
04102016|000615|248|416|16440
04102016|000618|120|424|16444
04102016|000620|240|280|16448
04102016|000622|216|392|16540
04102016|000624|332|332|16412
04102016|000627|200|416|16476
04102016|000629|248|372|16408
04102016|000631|244|416|16416
04102016|000633|312|512|16448
04102016|000636|224|360|16580
04102016|000638|192|444|16488
04102016|000640|324|344|16492
04102016|000642|312|480|16476
04102016|000645|188|316|16436
04102016|000647|212|400|16340
04102016|000649|104|368|16484
04102016|000651|228|408|16472
04102016|000654|160|388|16500
04102016|000656|192|436|16396
04102016|000658|232|372|16484
04102016|000700|248|448|16612
04102016|000703|172|428|16384
04102016|000705|140|456|16272
04102016|000707|160|408|16496
04102016|000709|176|396|16360
04102016|000711|260|396|16380
04102016|000714|240|376|16380
04102016|000716|196|388|16488
04102016|000718|304|348|16476
04102016|000720|200|468|16336
04102016|000723|212|408|16568
04102016|000725|204|432|16404
04102016|000727|268|364|16456
04102016|000729|292|420|16444
04102016|000732|236|456|16328
04102016|000734|248|380|16472
04102016|000736|240|408|16380
04102016|000738|176|404|16496
04102016|000741|144|360|16560
04102016|000743|292|452|16416
04102016|000745|204|432|16568
04102016|000747|344|412|16440
04102016|000750|296|420|16492
04102016|000752|148|420|16332
04102016|000754|272|316|16484
04102016|000756|256|452|16500
04102016|000759|320|392|16388
04102016|000801|216|396|16364
04102016|000803|252|344|16524
04102016|000805|220|456|16484
04102016|000808|236|328|16356
04102016|000810|260|392|16444
04102016|000812|228|424|16280
04102016|000814|232|400|16376
04102016|000817|108|356|16396
04102016|000819|228|252|16544
04102016|000821|220|440|16472
04102016|000823|240|368|16536
04102016|000826|204|456|16380
04102016|000828|240|412|16292
04102016|000830|316|456|16432
04102016|000832|264|372|16460
04102016|000835|216|428|16480
04102016|000837|196|384|16560
04102016|000839|180|352|16500
04102016|000841|280|388|16424
04102016|000844|312|440|16572
04102016|000846|236|472|16276
04102016|000848|292|404|16660
04102016|000850|204|332|16412
04102016|000853|196|420|16380
04102016|000855|280|452|16452
04102016|000857|184|400|16548
04102016|000859|292|380|16348
04102016|000902|244|448|16476
04102016|000904|228|380|16452
04102016|000906|216|464|16524
04102016|000908|276|488|16436
04102016|000911|180|368|16504
04102016|000913|228|368|16532
04102016|000915|232|504|16556
04102016|000917|168|456|16508
04102016|000920|124|408|16476
04102016|000922|224|484|16572
04102016|000924|224|388|16404
04102016|000926|168|320|16504
04102016|000929|312|276|16508
04102016|000931|236|396|16508
04102016|000933|176|412|16556
04102016|000935|244|476|16408
04102016|000938|204|344|16480
04102016|000940|224|396|16400
04102016|000942|180|420|16360
04102016|000944|224|432|16460
04102016|000947|304|360|16388
04102016|000949|124|416|16368
04102016|000951|248|340|16548
04102016|000953|376|344|16392
04102016|000956|280|392|16388
04102016|000958|156|524|16404
04102016|001000|208|252|16440
04102016|001002|264|444|16372
04102016|001005|196|380|16464
04102016|001007|208|424|16476
04102016|001009|212|332|16496
04102016|001011|152|480|16316
04102016|001014|252|344|16396
04102016|001016|204|464|16356
04102016|001018|216|308|16428
04102016|001020|260|404|16400
04102016|001023|192|372|16364
04102016|001025|352|372|16352
04102016|001027|292|368|16312
04102016|001029|312|308|16432
04102016|001032|284|328|16248
04102016|001034|340|380|16428
04102016|001036|280|428|16472
04102016|001038|332|456|16444
04102016|001041|244|436|16576
04102016|001043|312|300|16352
04102016|001045|236|432|16520
04102016|001047|156|484|16392
04102016|001050|296|332|16428
04102016|001052|276|440|16436
04102016|001054|152|396|16264
04102016|001056|228|424|16524
04102016|001059|188|344|16448
04102016|001101|156|460|16336
04102016|001103|212|404|16296
04102016|001105|268|368|16480
04102016|001108|248|436|16528
04102016|001110|244|444|16328
04102016|001112|276|380|16528
04102016|001114|160|376|16372
04102016|001117|276|444|16300
04102016|001119|208|400|16676
04102016|001121|208|368|16536
04102016|001123|252|284|16564
04102016|001126|240|536|16340
04102016|001128|156|424|16476
04102016|001130|232|352|16592
04102016|001132|244|468|16392
04102016|001135|184|472|16464
04102016|001137|236|392|16528
04102016|001139|236|404|16464
04102016|001141|228|416|16456
04102016|001144|236|352|16412
04102016|001146|220|488|16408
04102016|001148|204|356|16436
04102016|001150|160|472|16364
04102016|001153|184|432|16380
04102016|001155|256|432|16452
04102016|001157|252|444|16496
04102016|001159|212|436|16564
04102016|001202|204|460|16408
04102016|001204|268|340|16356
04102016|001206|204|460|16368
04102016|001208|192|448|16420
04102016|001211|312|368|16416
04102016|001213|276|324|16436
04102016|001215|164|448|16304
04102016|001217|184|340|16576
04102016|001220|128|428|16352
04102016|001222|64|360|16488
04102016|001224|296|444|16572
04102016|001226|168|376|16404
04102016|001229|144|472|16444
04102016|001231|228|396|16340
04102016|001233|180|308|16700
04102016|001235|336|412|16400
04102016|001238|160|340|16520
04102016|001240|220|316|16460
04102016|001242|236|380|16412
04102016|001244|296|416|16296
04102016|001247|228|320|16396
04102016|001249|252|416|16488
04102016|001251|276|340|16524
04102016|001253|188|384|16548
04102016|001256|184|428|16420
04102016|001258|192|448|16620
04102016|001300|140|392|16452
04102016|001302|244|460|16556
04102016|001305|232|364|16464
04102016|001307|176|504|16436
04102016|001309|212|432|16400
04102016|001311|192|440|16472
04102016|001314|344|436|16388
04102016|001316|284|304|16520
04102016|001318|240|400|16532
04102016|001320|112|448|16472
04102016|001323|216|348|16476
04102016|001325|184|364|16516
04102016|001327|180|400|16360
04102016|001329|364|496|16400
04102016|001332|212|316|16452
04102016|001334|180|412|16476
04102016|001336|196|436|16436
04102016|001338|228|444|16456
04102016|001340|280|324|16448
04102016|001343|248|416|16432
04102016|001345|256|432|16416
04102016|001347|212|316|16404
04102016|001349|172|396|16380
04102016|001352|252|344|16372
04102016|001354|196|372|16492
04102016|001356|364|456|16352
04102016|001358|344|468|16588
04102016|001401|224|424|16292
04102016|001403|288|388|16496
04102016|001405|192|380|16492
04102016|001407|132|368|16468
04102016|001410|228|384|16400
04102016|001412|76|372|16316
04102016|001414|220|400|16540
04102016|001417|220|392|16400
04102016|001419|288|332|16544
04102016|001421|252|364|16440
04102016|001423|192|380|16264
04102016|001426|180|400|16416
04102016|001428|196|432|16548
04102016|001430|124|360|16532
04102016|001432|236|348|16388
04102016|001435|260|400|16548
04102016|001437|200|436|16396
04102016|001439|296|372|16620
04102016|001441|264|432|16524
04102016|001444|372|372|16268
04102016|001446|184|408|16400
04102016|001448|368|432|16372
04102016|001450|228|340|16380
04102016|001452|248|380|16540
04102016|001455|232|416|16536
04102016|001457|260|312|16404
04102016|001459|216|304|16420
04102016|001501|284|432|16448
04102016|001504|296|388|16556
04102016|001506|212|456|16508
04102016|001508|184|400|16460
04102016|001510|132|468|16312
04102016|001513|296|420|16416
04102016|001515|248|412|16452
04102016|001517|348|392|16548
04102016|001519|276|428|16380
04102016|001522|252|400|16456
04102016|001524|244|500|16320
04102016|001526|304|520|16436
04102016|001528|352|308|16364
04102016|001531|296|444|16504
04102016|001533|276|372|16600
04102016|001535|292|372|16500
04102016|001537|160|404|16476
04102016|001540|304|300|16456
04102016|001542|164|360|16360
04102016|001544|268|404|16488
04102016|001546|256|404|16464
04102016|001549|168|432|16372
04102016|001551|264|336|16528
04102016|001553|180|376|16488
04102016|001555|292|344|16468
04102016|001558|188|488|16280
04102016|001600|140|356|16692
04102016|001602|152|460|16276
04102016|001604|196|412|16388
04102016|001607|304|304|16452
04102016|001609|268|396|16416
04102016|001611|188|488|16392
04102016|001613|284|396|16596
04102016|001616|248|368|16452
04102016|001618|268|428|16416
04102016|001620|268|376|16560
04102016|001622|284|348|16496
04102016|001625|336|352|16352
04102016|001627|188|396|16528
04102016|001629|152|352|16392
04102016|001631|232|332|16460
04102016|001634|188|388|16460
04102016|001636|216|440|16364
04102016|001638|260|316|16460
04102016|001640|268|388|16532
04102016|001643|220|460|16512
04102016|001645|312|396|16472
04102016|001647|148|348|16388
04102016|001649|296|468|16436
04102016|001652|156|408|16496
04102016|001654|96|376|16376
04102016|001656|352|384|16440
04102016|001658|244|452|16344
04102016|001701|308|364|16500
04102016|001703|136|456|16460
04102016|001705|120|488|16360
04102016|001707|316|484|16336
04102016|001710|256|388|16596
04102016|001712|184|396|16428
04102016|001714|260|400|16480
04102016|001716|272|404|16336
04102016|001719|228|368|16424
04102016|001721|264|380|16440
04102016|001723|224|448|16472
04102016|001725|268|436|16548
04102016|001728|160|324|16468
04102016|001730|204|416|16412
04102016|001732|228|356|16500
04102016|001734|220|476|16488
04102016|001737|260|484|16424
04102016|001739|152|380|16444
04102016|001741|140|356|16452
04102016|001743|272|404|16604
04102016|001746|204|500|16480
04102016|001748|172|380|16480
04102016|001750|272|436|16400
04102016|001752|140|296|16544
04102016|001755|252|484|16464
04102016|001757|172|380|16560
04102016|001759|248|296|16584
04102016|001801|124|308|16420
04102016|001804|252|376|16512
04102016|001806|344|416|16384
04102016|001808|300|400|16448
04102016|001810|208|344|16532
04102016|001813|324|372|16348
04102016|001815|304|352|16328
04102016|001817|232|404|16436
04102016|001819|212|456|16444
04102016|001822|204|408|16364
04102016|001824|156|496|16360
04102016|001826|236|340|16340
04102016|001828|184|408|16592
04102016|001831|200|476|16520
04102016|001833|316|328|16480
04102016|001835|272|400|16396
04102016|001837|172|480|16404
04102016|001840|192|392|16508
04102016|001842|300|356|16300
04102016|001844|240|348|16432
04102016|001846|252|404|16436
04102016|001849|296|420|16468
04102016|001851|236|364|16432
04102016|001853|204|464|16568
04102016|001855|216|424|16352
04102016|001858|200|432|16476
04102016|001900|200|412|16380
04102016|001902|192|432|16376
04102016|001904|180|448|16384
04102016|001907|268|516|16376
04102016|001909|204|280|16392
04102016|001911|328|424|16516
04102016|001913|268|424|16580
04102016|001916|332|336|16412
04102016|001918|176|432|16420
04102016|001920|232|388|16512
04102016|001922|212|432|16492
04102016|001925|216|452|16560
04102016|001927|204|348|16548
04102016|001929|240|376|16476
04102016|001931|268|400|16456
04102016|001934|236|392|16408
04102016|001936|196|400|16300
04102016|001938|184|404|16456
04102016|001940|360|364|16268
04102016|001943|260|336|16368
04102016|001945|172|276|16448
04102016|001947|180|368|16436
04102016|001949|220|428|16300
04102016|001952|220|456|16476
04102016|001954|308|416|16504
04102016|001956|276|372|16476
04102016|001958|284|456|16388
04102016|002001|180|296|16464
04102016|002003|316|388|16528
04102016|002005|188|440|16504
04102016|002007|244|356|16444
04102016|002010|268|440|16500
04102016|002012|288|320|16428
04102016|002014|252|392|16404
04102016|002016|136|416|16388
04102016|002019|260|456|16292
04102016|002021|156|344|16548
04102016|002023|276|496|16340
04102016|002025|196|396|16428
04102016|002028|204|392|16364
04102016|002030|208|320|16488
04102016|002032|220|348|16420
04102016|002034|180|444|16264
04102016|002037|180|452|16440
04102016|002039|236|420|16360
04102016|002041|264|456|16472
04102016|002043|304|404|16360
04102016|002046|244|488|16464
04102016|002048|324|396|16412
04102016|002050|192|412|16408
04102016|002052|224|324|16460
04102016|002055|164|432|16348
04102016|002057|196|360|16488
04102016|002059|272|372|16440
04102016|002101|104|444|16496
04102016|002104|244|396|16324
04102016|002106|268|468|16440
04102016|002108|216|464|16348
04102016|002110|252|368|16420
04102016|002113|212|380|16432
04102016|002115|268|384|16392
04102016|002117|180|456|16372
04102016|002119|280|392|16468
04102016|002121|164|340|16428
04102016|002124|260|368|16228
04102016|002126|272|384|16416
04102016|002128|236|456|16368
04102016|002130|244|396|16364
04102016|002133|220|392|16628
04102016|002135|276|348|16432
04102016|002137|204|372|16596
04102016|002139|200|400|16372
04102016|002142|144|268|16356
04102016|002144|196|432|16512
04102016|002146|240|408|16448
04102016|002148|188|496|16500
04102016|002151|268|396|16472
04102016|002153|248|364|16584
04102016|002155|168|300|16568
04102016|002157|260|516|16524
04102016|002200|280|344|16464
04102016|002202|236|456|16396
04102016|002204|264|248|16212
04102016|002206|220|428|16464
04102016|002209|288|316|16440
04102016|002211|188|420|16488
04102016|002213|252|404|16420
04102016|002216|264|404|16436
04102016|002218|264|488|16428
04102016|002220|276|368|16476
04102016|002222|188|532|16508
04102016|002225|168|376|16288
04102016|002227|204|400|16520
04102016|002229|352|368|16416
04102016|002231|296|388|16408
04102016|002234|220|416|16632
04102016|002236|216|468|16304
04102016|002238|252|348|16440
04102016|002240|300|340|16408
04102016|002243|184|412|16564
04102016|002245|220|432|16332
04102016|002247|236|420|16404
04102016|002249|196|348|16476
04102016|002251|268|428|16432
04102016|002254|292|356|16476
04102016|002256|204|456|16408
04102016|002258|220|504|16408
04102016|002300|132|380|16412
04102016|002303|300|388|16488
04102016|002305|188|348|16336
04102016|002307|196|460|16356
04102016|002309|204|432|16388
04102016|002312|184|356|16472
04102016|002314|324|464|16440
04102016|002316|208|420|16388
04102016|002318|284|436|16504
04102016|002321|236|480|16356
04102016|002323|224|344|16564
04102016|002325|288|464|16424
04102016|002327|292|428|16568
04102016|002330|164|436|16484
04102016|002332|332|336|16516
04102016|002334|180|364|16324
04102016|002336|284|396|16464
04102016|002339|272|324|16452
04102016|002341|148|324|16488
04102016|002343|248|464|16516
04102016|002345|232|420|16440
04102016|002348|236|452|16552
04102016|002350|268|468|16500
04102016|002352|248|400|16424
04102016|002354|212|448|16332
04102016|002357|172|424|16416
04102016|002359|296|508|16376
04102016|002401|204|448|16392
04102016|002403|172|412|16452
04102016|002406|216|392|16352
04102016|002408|136|484|16484
04102016|002410|220|432|16428
04102016|002412|280|380|16372
04102016|002415|200|308|16352
04102016|002417|260|408|16400
04102016|002419|236|328|16396
04102016|002421|220|336|16504
04102016|002424|240|504|16468
04102016|002426|204|364|16344
04102016|002428|224|316|16428
04102016|002430|304|376|16396
04102016|002433|196|428|16404
04102016|002435|200|380|16400
04102016|002437|140|260|16340
04102016|002439|232|424|16360
04102016|002442|192|460|16412
04102016|002444|188|360|16272
04102016|002446|296|372|16436
04102016|002448|140|384|16532
04102016|002451|224|420|16372
04102016|002453|284|416|16596
04102016|002455|172|536|16336
04102016|002457|176|424|16336
04102016|002500|296|340|16388
04102016|002502|224|304|16576
04102016|002504|220|364|16488
04102016|002506|228|420|16540
04102016|002509|272|396|16592
04102016|002511|172|400|16448
04102016|002513|208|396|16540
04102016|002515|204|388|16324
04102016|002518|216|316|16392
04102016|002520|180|452|16520
04102016|002522|216|404|16504
04102016|002524|220|388|16308
04102016|002527|244|392|16316
04102016|002529|256|424|16372
04102016|002531|196|392|16588
04102016|002533|276|388|16364
04102016|002536|232|488|16504
04102016|002538|248|400|16496
04102016|002540|220|440|16476
04102016|002542|328|312|16544
04102016|002545|208|388|16468
04102016|002547|268|396|16484
04102016|002549|116|380|16440
04102016|002551|248|332|16536
04102016|002554|224|340|16376
04102016|002556|220|484|16364
04102016|002558|192|412|16632
04102016|002600|312|428|16368
04102016|002603|244|380|16408
04102016|002605|184|340|16508
04102016|002607|328|356|16420
04102016|002609|212|352|16504
04102016|002612|316|440|16440
04102016|002614|280|412|16460
04102016|002616|232|296|16472
04102016|002618|180|392|16372
04102016|002621|148|340|16420
04102016|002623|212|400|16496
04102016|002625|184|380|16364
04102016|002627|248|396|16504
04102016|002630|344|472|16440
04102016|002632|292|360|16436
04102016|002634|272|412|16548
04102016|002636|216|428|16476
04102016|002639|268|424|16452
04102016|002641|140|384|16292
04102016|002643|300|424|16396
04102016|002645|256|480|16444
04102016|002648|124|304|16356
04102016|002650|288|428|16560
04102016|002652|388|312|16524
04102016|201848|288|400|16336
04102016|201850|220|400|16280
04102016|201853|384|524|16252
04102016|201855|188|432|16376
04102016|201857|300|448|16404
04102016|201859|272|388|16252
04102016|201902|344|380|16260
04102016|201904|304|428|16332
04102016|201906|300|408|16228
04102016|201908|236|396|16244
04102016|201911|328|484|16284
04102016|201913|160|540|16244
04102016|201915|256|416|16304
04102016|201917|348|468|16256
04102016|201920|152|448|16340
04102016|201922|268|376|16316
04102016|201924|224|452|16324
04102016|201926|236|328|16300
04102016|201929|216|420|16324
04102016|201931|184|520|16340
04102016|201933|212|368|16268
04102016|201935|144|348|16324
04102016|201938|224|460|16344
04102016|201940|308|420|16360
04102016|201942|128|364|16204
04102016|201944|220|400|16248
04102016|201947|220|556|16236
04102016|201949|260|356|16196
04102016|201951|228|484|16224
04102016|201953|212|336|16312
04102016|201956|308|412|16324
04102016|201958|304|372|16232
04102016|202000|232|392|16332
04102016|202002|328|432|16204
04102016|202005|284|496|16256
04102016|202007|256|632|16376
04102016|202009|152|420|16164
04102016|202011|300|348|16300
04102016|202014|188|452|16276
04102016|202016|292|384|16304
04102016|202018|252|484|16264
04102016|202020|356|464|16344
04102016|202023|260|404|16256
04102016|202025|192|532|16324
04102016|202027|420|432|16456
04102016|202029|236|372|16300
04102016|202032|220|500|16252
04102016|202034|208|472|16272
04102016|202036|280|452|16200
04102016|202043|316|532|16272
04102016|202045|320|532|16300
04102016|202047|256|500|16280
04102016|202050|208|304|16292
04102016|202052|336|444|16304
04102016|202054|292|424|16364
04102016|202057|312|452|16224
04102016|202100|228|488|16264
04102016|202102|324|412|16248
04102016|202104|300|524|16404
04102016|202106|228|444|16376
04102016|202109|304|580|16288
04102016|202111|244|472|16216
04102016|202113|124|424|16432
04102016|202115|204|392|16252
04102016|202118|188|424|16388
04102016|202120|268|340|16288
04102016|202122|376|336|16300
04102016|202124|292|412|16472
04102016|202127|208|532|16304
04102016|202129|328|440|16324
04102016|202131|360|396|16380
04102016|202133|252|472|16300
04102016|202136|260|488|16264
04102016|202138|320|360|16268
04102016|202140|240|460|16336
04102016|202142|300|484|16388
04102016|202145|224|560|16344
04102016|202147|304|456|16472
04102016|202149|448|364|16272
04102016|202151|276|444|16276
04102016|202154|188|392|16220
04102016|202156|136|392|16328
04102016|202158|320|636|16500
04102016|202200|260|416|16300
04102016|202203|260|496|16252
04102016|202205|380|396|16616
04102016|202207|292|512|16356
04102016|202209|276|424|16316
04102016|202212|228|376|16392
04102016|202214|168|344|16240
04102016|202216|244|408|16332
04102016|202218|268|384|16156
04102016|202221|196|480|16392
04102016|202223|348|464|16276
04102016|202225|248|372|16328
04102016|202227|192|532|16424
04102016|202230|244|512|16324
04102016|202232|188|416|16276
04102016|202234|88|332|16388
04102016|202236|352|404|16332
04102016|202245|112|432|16224
04102016|202247|312|408|16324
04102016|202249|268|472|16348
04102016|202251|272|488|16372
04102016|202253|244|400|16324
04102016|202255|200|392|16176
04102016|202257|236|308|16252
04102016|202259|252|400|16348
04102016|202301|284|260|16384
04102016|202303|340|444|16348
04102016|202305|292|300|16272
04102016|202307|108|572|16204
04102016|202309|460|424|16200
04102016|202311|204|368|16256
04102016|202313|336|440|16324
04102016|202315|228|460|16224
04102016|202317|284|536|16352
04102016|202319|244|392|16232
04102016|202321|152|504|16292
04102016|202323|280|520|16260
04102016|202325|212|456|16288
04102016|202327|296|476|16292
04102016|202329|296|444|16324
04102016|202331|296|420|16424
04102016|202334|272|428|16336
04102016|202336|264|508|16424
04102016|202338|368|412|16328
04102016|202340|312|464|16448
04102016|202342|204|376|16344
04102016|202344|316|364|16320
04102016|202346|256|388|16252
04102016|202348|216|424|16212
04102016|202350|372|420|16232
04102016|202352|240|340|16396
04102016|202354|256|344|16264
04102016|202356|296|376|16404
04102016|202358|284|400|16136
04102016|202400|256|492|16224
04102016|202402|264|440|16440
04102016|202404|280|412|16324
04102016|202406|-28|476|16232
04102016|202408|304|456|16332
04102016|202410|292|480|16340
04102016|202412|260|508|16304
04102016|202414|284|504|16380
04102016|202416|292|388|16336
04102016|202418|236|580|16460
04102016|202420|268|536|16272
04102016|202422|260|432|16300
04102016|202424|148|336|16240
04102016|202427|244|320|16384
04102016|202429|340|500|16228
04102016|202431|292|492|16296
04102016|202433|328|392|16288
04102016|202435|336|396|16320
04102016|202437|248|444|16224
04102016|202439|268|456|16192
04102016|202441|328|404|16456
04102016|202443|304|548|16220
04102016|202445|420|472|16472
04102016|202447|252|484|16348
04102016|202449|280|440|16216
04102016|202451|264|444|16284
04102016|202453|292|500|16320
04102016|202455|284|464|16236
04102016|202457|372|444|16304
04102016|202459|356|468|16308
04102016|202501|276|464|16276
04102016|202503|284|472|16348
04102016|202505|344|412|16360
04102016|202507|312|448|16196
04102016|202509|368|452|16476
04102016|202511|380|472|16468
04102016|202513|372|480|16232
04102016|202515|244|388|16352
04102016|202518|296|436|16240
04102016|202520|288|452|16392
04102016|202522|216|460|16380
04102016|202524|268|360|16364
04102016|202526|284|432|16392
04102016|202528|328|356|16376
04102016|202530|260|324|16316
04102016|202532|292|256|16332
04102016|202534|212|472|16336
04102016|202536|244|348|16292
04102016|202538|208|500|16356
04102016|202540|300|428|16320
04102016|202542|296|540|16260
04102016|202544|252|384|16240
04102016|202546|272|500|16264
04102016|202548|304|332|16324
04102016|202550|384|428|16348
04102016|202552|376|536|16396
04102016|202554|304|440|16284
04102016|202556|288|476|16436
04102016|202558|196|404|16284
04102016|202600|404|436|16300
04102016|202602|324|540|16276
04102016|202604|348|416|16356
04102016|202606|300|460|16232
04102016|202608|252|356|16180
04102016|202611|284|548|16388
04102016|202613|348|336|16296
04102016|202615|220|476|16320
04102016|202617|220|408|16248
04102016|202619|228|440|16236
04102016|202621|356|392|16384
04102016|202623|248|384|16240
04102016|202625|232|456|16236
04102016|202627|240|540|16276
04102016|202629|212|472|16280
04102016|202631|260|460|16348
04102016|202633|288|388|16384
04102016|202635|260|472|16348
04102016|202637|336|444|16304
04102016|202639|320|444|16364
04102016|202641|248|540|16320
04102016|202643|204|460|16340
04102016|202645|312|440|16292
04102016|202647|332|476|16224
04102016|202649|328|444|16376
04102016|202651|388|452|16256
04102016|202653|380|428|16312
04102016|202655|268|460|16492
04102016|202657|284|448|16388
04102016|202659|176|384|16112
04102016|202701|372|508|16224
04102016|202703|204|448|16352
04102016|202706|400|388|16348
04102016|202708|232|596|16248
04102016|202710|252|420|16264
04102016|202712|544|352|16492
04102016|202714|236|512|16344
04102016|202716|328|420|16272
04102016|202718|196|476|16340
04102016|202720|168|504|16184
04102016|202722|336|344|16292
04102016|202724|232|336|16236
04102016|202726|276|512|16340
04102016|202728|348|524|16092
04102016|202730|288|420|16224
04102016|202732|300|436|16352
04102016|202734|292|504|16468
04102016|202736|292|368|16336
04102016|202738|276|520|16428
04102016|202740|300|416|16396
04102016|202742|408|380|16224
04102016|202744|396|484|16336
04102016|202746|352|492|16288
04102016|202748|156|428|16336
04102016|202750|180|424|16256
04102016|202752|268|408|16444
04102016|202754|232|496|16392
04102016|202756|220|560|16296
04102016|202759|304|320|16248
04102016|202801|316|440|16208
04102016|202803|276|512|16240
04102016|202805|212|420|16280
04102016|202807|348|476|16284
04102016|202809|364|360|16372
04102016|202811|180|468|16140
04102016|202813|252|540|16440
04102016|202815|284|404|16252
04102016|202817|320|292|16336
04102016|202819|316|464|16380
04102016|202821|160|532|16288
04102016|202823|268|476|16244
04102016|202825|284|412|16424
04102016|202827|344|520|16280
04102016|202829|244|484|16364
04102016|202831|268|452|16348
04102016|202833|320|484|16432
04102016|202835|252|496|16248
04102016|202837|200|356|16160
04102016|202839|348|448|16256
04102016|202841|160|324|16356
04102016|202843|296|480|16224
04102016|202845|268|344|16368
04102016|202847|280|564|16400
04102016|202849|324|388|16220
04102016|202852|276|356|16364
04102016|202854|172|532|16360
04102016|202856|272|444|16416
04102016|202858|328|480|16304
04102016|202900|320|524|16272
04102016|202902|340|368|16252
04102016|202904|172|428|16192
04102016|202906|288|340|16352
04102016|202908|280|392|16396
04102016|202910|280|436|16360
04102016|202912|200|444|16340
04102016|202914|248|344|16372
04102016|202916|316|452|16320
04102016|202918|336|508|16312
04102016|202920|320|404|16284
04102016|202922|304|376|16252
04102016|202924|216|492|16396
04102016|202926|292|520|16300
04102016|202928|284|488|16396
04102016|202930|288|424|16264
04102016|202932|296|476|16232
04102016|202934|324|420|16340
04102016|202936|320|460|16320
04102016|202938|296|572|16456
04102016|202940|284|448|16396
04102016|202942|268|448|16316
04102016|202944|352|428|16336
04102016|202947|320|528|16324
04102016|202949|308|404|16376
04102016|202951|236|404|16200
04102016|202953|372|416|16268
04102016|202955|304|460|16352
04102016|202957|216|380|16172
04102016|202959|400|380|16280
04102016|203001|256|444|16344
04102016|203003|292|432|16280
04102016|203005|304|484|16368
04102016|203007|304|448|16324
04102016|203009|272|420|16288
04102016|203011|312|444|16440
04102016|203013|280|448|16260
04102016|203015|288|420|16220
04102016|203017|328|464|16392
04102016|203019|628|396|16472
04102016|203021|384|408|16568
04102016|203023|260|532|16352
04102016|203025|252|408|16352
04102016|203027|284|460|16328
04102016|203029|308|436|16212
04102016|203031|332|480|16212
04102016|203033|416|332|16352
04102016|203035|376|508|16392
04102016|203037|196|504|16372
04102016|203040|296|456|16284
04102016|203042|224|444|16500
04102016|203044|288|432|16376
04102016|203046|344|428|16492
04102016|203048|320|400|16384
04102016|203050|104|484|16284
04102016|203052|200|456|16360
04102016|203054|300|336|16324
04102016|203056|200|468|16424
04102016|203058|328|440|16336
04102016|203100|244|472|16208
04102016|203102|240|412|16192
04102016|203104|344|424|16188
04102016|203106|208|336|16308
04102016|203108|376|456|16328
04102016|203110|340|448|16380
04102016|203112|300|376|16288
04102016|203114|360|412|16348
04102016|203116|208|536|16268
04102016|203118|348|456|16224
04102016|203120|360|416|16356
04102016|203122|240|424|16312
04102016|203124|212|364|16368
04102016|203126|268|448|16256
04102016|203129|240|528|16440
04102016|203131|252|452|16404
04102016|203133|292|372|16300
04102016|203135|316|512|16376
04102016|203137|280|452|16140
04102016|203139|288|476|16524
04102016|203141|308|404|16208
04102016|203143|232|464|16468
04102016|203145|248|460|16420
04102016|203147|352|468|16384
04102016|203149|256|476|16172
04102016|203151|228|492|16276
04102016|203153|236|336|16232
04102016|203155|324|452|16200
04102016|203157|352|368|16300
04102016|203159|296|448|16324
04102016|203201|240|424|16260
04102016|203203|328|484|16392
04102016|203205|92|452|16292
04102016|203207|304|412|16276
04102016|203209|204|496|16460
04102016|203211|208|424|16152
04102016|203213|368|436|16372
04102016|203216|364|424|16388
04102016|203218|280|528|16428
04102016|203220|276|432|16408
04102016|203222|280|532|16256
04102016|203224|292|452|16304
04102016|203226|268|488|16316
04102016|203228|368|388|16328
04102016|203230|268|456|16212
04102016|203232|264|392|16384
04102016|203234|336|392|16352
04102016|203236|300|552|16368
04102016|203238|264|500|16412
04102016|203240|312|492|16300
04102016|203242|320|388|16476
04102016|203244|216|432|16352
04102016|203246|216|384|16364
04102016|203248|392|440|16192
04102016|203250|332|372|16336
04102016|203252|180|304|16344
04102016|203254|276|444|16296
04102016|203256|268|412|16340
04102016|203258|376|384|16248
04102016|203300|280|460|16372
04102016|203302|276|432|16272
04102016|203304|252|512|16400
04102016|203307|312|464|16292
04102016|203309|332|404|16400
04102016|203311|268|624|16236
04102016|203313|268|472|16340
04102016|203315|248|408|16372
04102016|203317|376|520|16392
04102016|203319|252|432|16268
04102016|203321|292|412|16232
04102016|203323|248|416|16364
04102016|203325|356|532|16276
04102016|203327|268|432|16340
04102016|203329|208|532|16380
04102016|203331|256|532|16232
04102016|203333|272|520|16456
04102016|203335|436|472|16312
04102016|203337|212|444|16276
04102016|203339|196|496|16412
04102016|203341|392|452|16212
04102016|203343|308|492|16260
04102016|203345|204|428|16380
04102016|203347|332|452|16280
04102016|203349|316|476|16300
04102016|203351|300|504|16316
04102016|203353|292|412|16392
04102016|203356|272|448|16232
04102016|203358|332|364|16276
04102016|203400|264|536|16300
04102016|203402|232|384|16392
04102016|203404|288|400|16316
04102016|203406|356|452|16360
04102016|203408|312|480|16272
04102016|203410|252|364|16380
04102016|203412|272|444|16384
04102016|203414|336|544|16464
04102016|203416|360|440|16264
04102016|203418|264|456|16372
04102016|203420|324|452|16396
04102016|203422|292|532|16292
04102016|203424|332|412|16324
04102016|203426|432|420|16308
04102016|203428|244|432|16316
04102016|203430|176|384|16276
04102016|203432|332|540|16420
04102016|203434|156|552|16256
04102016|203436|288|440|16280
04102016|203438|264|388|16456
04102016|203440|296|492|16352
04102016|203442|284|472|16316
04102016|203444|276|516|16384
04102016|203447|304|428|16332
04102016|203449|272|416|16316
04102016|203451|464|356|16404
04102016|203453|244|412|16148
04102016|203455|288|388|16244
04102016|203457|252|420|16248
04102016|203459|272|420|16260
04102016|203501|304|484|16380
04102016|203503|260|444|16460
04102016|203505|240|440|16348
04102016|203507|272|484|16476
04102016|203509|320|428|16396
04102016|203511|480|336|16496
04102016|203513|104|544|16304
04102016|203515|116|464|16332
04102016|203517|268|348|16412
04102016|203519|144|452|16440
04102016|203521|252|412|16508
04102016|203523|276|400|16348
04102016|203525|132|648|16372
04102016|203527|208|432|16364
04102016|203529|324|444|16304
04102016|203531|416|496|16344
04102016|203533|272|448|16264
04102016|203536|164|280|16376
04102016|203538|324|280|16232
04102016|203540|292|420|16248
04102016|203542|348|460|16448
04102016|203544|444|456|16352
04102016|203546|308|508|16256
04102016|203548|352|512|16332
04102016|203550|160|444|16324
04102016|203552|440|476|16348
04102016|203554|464|384|16408
04102016|203556|236|368|16384
04102016|203558|336|392|16300
04102016|203600|328|492|16204
04102016|203602|172|512|16452
04102016|203604|184|456|16288
04102016|203606|328|296|16424
04102016|203608|484|480|16276
04102016|203610|212|276|16200
04102016|203612|348|376|16256
04102016|203614|196|380|16324
04102016|203616|348|400|16284
04102016|203618|64|464|16324
04102016|203620|204|308|16276
04102016|203622|280|388|16412
04102016|203624|308|456|16412
04102016|203627|172|484|16384
04102016|203629|312|452|16396
04102016|203631|272|400|16276
04102016|203633|236|376|16464
04102016|203635|296|448|16324
04102016|203637|308|508|16548
04102016|203639|252|332|16368
04102016|203641|256|540|16424
04102016|203643|164|296|16352
04102016|203645|272|380|16372
04102016|203647|252|468|16456
04102016|203649|160|372|16200
04102016|203651|208|388|16400
04102016|203653|272|412|16256
04102016|203655|304|432|16288
04102016|203657|352|444|16452
04102016|203659|208|344|16360
04102016|203701|196|336|16320
04102016|203703|236|444|16352
04102016|203705|292|368|16496
04102016|203707|140|396|16452
04102016|203709|384|380|16324
04102016|203711|292|488|16272
04102016|203713|200|428|16320
04102016|203716|164|508|16224
04102016|203718|252|408|16404
04102016|203720|264|424|16332
04102016|203722|672|256|16524
04102016|203724|264|372|16356
04102016|203726|296|456|16336
04102016|203728|336|420|16260
04102016|203730|268|444|16440
04102016|203732|248|396|16240
04102016|203734|216|400|16340
04102016|203736|336|500|16404
04102016|203738|340|416|16360
04102016|203740|244|332|16308
04102016|203742|236|424|16424
04102016|203744|176|420|16188
04102016|203746|200|404|16388
04102016|203748|372|448|16300
04102016|203750|376|408|16268
04102016|203752|244|396|16364
04102016|203754|300|468|16380
04102016|203756|208|328|16352
04102016|203758|196|404|16280
04102016|203800|332|456|16264
04102016|203802|336|456|16208
04102016|203804|380|372|16372
04102016|203807|268|480|16156
04102016|203809|168|388|16356
04102016|203811|404|428|16368
04102016|203813|288|456|16368
04102016|203815|192|420|16188
04102016|203817|232|468|16456
04102016|203819|244|400|16284
04102016|203821|360|424|16272
04102016|203823|276|412|16400
04102016|203825|260|444|16468
04102016|203827|268|412|16332
04102016|203829|208|416|16252
04102016|203831|320|468|16320
04102016|203833|244|408|16240
04102016|203835|276|408|16492
04102016|203837|264|476|16424
04102016|203839|228|480|16276
04102016|203841|216|368|16408
04102016|203843|204|496|16380
04102016|203845|208|540|16276
04102016|203847|204|476|16328
04102016|203849|196|420|16384
04102016|203851|288|476|16316
04102016|203853|352|504|16384
04102016|203855|220|476|16268
04102016|203858|304|324|16280
04102016|203900|296|424|16384
04102016|203902|212|404|16248
04102016|203904|216|404|16316
04102016|203906|236|432|16244
04102016|203908|388|472|16524
04102016|203910|148|448|16408
04102016|203912|140|488|16284
04102016|203914|252|360|16260
04102016|203916|240|508|16372
04102016|203918|280|400|16380
04102016|203920|228|372|16332
04102016|203922|292|428|16276
04102016|203924|316|592|16268
04102016|203926|376|452|16312
04102016|203928|376|356|16412
04102016|203930|372|376|16340
04102016|203932|312|428|16420
04102016|203934|336|596|16400
04102016|203936|328|528|16336
04102016|203938|200|448|16592
04102016|203940|320|424|16356
04102016|203942|280|344|16356
04102016|203944|368|504|16460
04102016|203946|140|404|16432
04102016|203949|268|448|16404
04102016|203951|228|376|16520
04102016|203953|360|432|16376
04102016|203955|332|476|16264
04102016|203957|260|416|16324
04102016|203959|260|500|16428
04102016|204001|364|436|16396
04102016|204003|312|456|16400
04102016|204005|196|380|16392
04102016|204007|320|456|16328
04102016|204009|360|476|16336
04102016|204011|404|468|16304
04102016|204013|172|268|16400
04102016|204015|228|432|16320
04102016|204017|276|428|16412
04102016|204019|240|444|16352
04102016|204021|228|532|16280
04102016|204023|252|392|16376
04102016|204032|208|488|16248
04102016|204034|344|528|16500
04102016|204036|292|440|16284
04102016|204038|224|472|16368
04102016|204040|260|392|16396
04102016|204042|392|376|16384
04102016|204044|324|448|16208
04102016|204046|272|492|16312
04102016|204048|228|476|16256
04102016|204050|272|372|16384
04102016|204052|248|448|16436
04102016|204055|280|460|16312
04102016|204057|232|372|16432
04102016|204059|332|416|16276
04102016|204101|312|424|16396
04102016|204103|296|400|16388
04102016|204105|208|504|16272
04102016|204107|184|368|16312
04102016|204109|220|344|16288
04102016|204111|248|372|16340
04102016|204113|204|416|16372
04102016|204115|192|408|16268
04102016|204117|324|396|16472
04102016|204119|260|356|16208
04102016|204122|264|504|16312
04102016|204124|296|364|16404
04102016|204126|176|344|16244
04102016|204128|420|456|16384
04102016|204130|232|396|16384
04102016|204132|272|548|16344
04102016|204134|244|472|16416
04102016|204136|156|416|16364
04102016|204138|208|440|16240
04102016|204140|304|448|16300
04102016|204142|328|488|16384
04102016|204144|308|452|16352
04102016|204146|244|420|16364
04102016|204149|196|308|16444
