05102016|193204|-312|200|16324
05102016|193206|0|0|0
05102016|193208|-328|176|16380
05102016|193210|-236|196|16428
05102016|193212|-220|184|16508
05102016|193215|-332|176|16428
05102016|193217|-380|224|16292
05102016|193219|-328|132|16312
05102016|193221|-272|208|16244
05102016|193223|-372|172|16344
05102016|193225|-372|256|16344
05102016|193227|-340|292|16176
05102016|193229|-364|324|16460
05102016|193231|-328|180|16412
05102016|193233|-392|148|16276
05102016|193235|-268|296|16352
05102016|193237|-356|132|16372
05102016|193239|-468|148|16344
05102016|193241|-320|200|16184
05102016|193244|-400|144|16224
05102016|193246|-512|244|16188
05102016|193248|-320|228|16308
05102016|193250|-348|148|16284
05102016|193252|-236|200|16328
05102016|193254|-556|132|16128
05102016|193256|-328|172|16332
05102016|193258|-320|108|16460
05102016|193300|-448|284|16416
05102016|193302|-360|228|16348
05102016|193304|-272|208|16372
05102016|193306|-332|172|16284
05102016|193308|-460|224|16480
05102016|193310|-1280|152|19804
05102016|193313|-248|240|16356
05102016|193315|-388|208|16416
05102016|193317|-176|216|16448
05102016|193319|-296|384|16460
05102016|193321|-216|180|16276
05102016|193323|-264|320|16212
05102016|193325|-180|296|16336
05102016|193327|-256|196|16372
05102016|193329|-232|320|16332
05102016|193331|-248|184|16372
05102016|193333|-256|136|16456
05102016|193335|-276|272|16480
05102016|193337|-376|124|16272
05102016|193339|-292|192|16324
05102016|193342|-308|204|16272
05102016|193344|-200|192|16372
05102016|193346|-272|188|16324
05102016|193348|-368|196|16332
05102016|193350|-432|208|16116
05102016|193352|-320|152|16232
05102016|193354|-204|228|16312
05102016|193356|-320|112|16348
05102016|193358|-356|188|16196
05102016|193400|-292|272|16316
05102016|193402|-492|216|16332
05102016|193404|-292|224|16320
05102016|193406|-312|208|16320
05102016|193409|-408|172|16488
05102016|193411|-276|312|16388
05102016|193413|-396|224|16316
05102016|193415|-380|204|16160
05102016|193417|-376|224|16084
05102016|193419|-272|264|16380
05102016|193421|-288|256|16252
05102016|193423|-352|140|16428
05102016|193425|-360|52|16064
05102016|193427|-332|284|16004
05102016|193429|-356|196|16452
05102016|193431|-300|80|16400
05102016|193433|-440|168|16280
05102016|193435|-316|212|16244
05102016|193438|-320|216|16380
05102016|193440|-224|228|16436
05102016|193442|-176|292|16396
05102016|193444|-340|348|16280
05102016|193446|-296|196|16324
05102016|193448|-404|192|16392
05102016|193450|-320|180|16292
05102016|193452|-240|260|16312
05102016|193454|-336|128|16556
05102016|193456|-256|176|16168
05102016|193458|-304|136|16284
05102016|193500|-320|152|16260
05102016|193502|-340|132|16200
05102016|193504|-384|276|16196
05102016|193507|-288|120|16428
05102016|193509|-352|140|16344
05102016|193511|-348|320|16216
05102016|193513|-332|260|16628
05102016|193515|-296|288|16348
05102016|193517|-396|224|16188
05102016|193519|-292|108|16336
05102016|193521|-228|192|16384
05102016|193523|-284|104|16268
05102016|193525|-460|256|16304
05102016|193527|-320|256|16124
05102016|193529|-448|236|16176
05102016|193531|-308|188|16180
05102016|193534|-332|364|16232
05102016|193536|-404|124|16220
05102016|193538|-456|224|16252
05102016|193540|-336|192|16384
05102016|193542|-376|156|16160
05102016|193544|-356|236|16388
05102016|193546|-376|252|16272
05102016|193548|-336|284|16232
05102016|193550|-208|228|16384
05102016|193552|-372|144|16340
05102016|193554|-284|236|16356
05102016|193556|-304|148|16468
05102016|193558|-340|120|16320
05102016|193600|-368|272|16344
05102016|193603|-144|248|16456
05102016|193605|-260|188|16296
05102016|193607|-280|256|16284
05102016|193609|-416|184|16324
05102016|193611|-288|212|16236
05102016|193613|-320|236|16300
05102016|193615|-312|268|16364
05102016|193617|-236|176|16200
05102016|193619|-484|260|16224
05102016|193621|-344|248|16400
05102016|193623|-300|216|16312
05102016|193625|-240|148|16268
05102016|193627|-328|100|16260
05102016|193629|-444|236|16244
05102016|193632|-352|204|16276
05102016|193634|-256|336|16512
05102016|193636|-488|176|16116
05102016|193638|-236|256|16196
05102016|193640|-224|188|16344
05102016|193642|-380|344|16292
05102016|193644|-420|144|16428
05102016|193646|-232|220|16180
05102016|193648|-224|176|16264
05102016|193650|-276|164|16392
05102016|193652|-376|252|16332
05102016|193654|-316|276|16244
05102016|193656|-360|140|16416
05102016|193659|-280|228|16368
05102016|193701|-332|72|16248
05102016|193703|-400|252|16260
05102016|193705|-368|176|16212
05102016|193707|-232|236|16452
05102016|193709|-416|128|16300
05102016|193711|-296|188|16216
05102016|193713|-248|228|16464
05102016|193715|-288|304|16396
05102016|193717|-312|264|16228
05102016|193719|-332|156|16232
05102016|193721|-292|172|16156
05102016|193723|-344|140|16336
05102016|193725|-392|124|16324
05102016|193728|-300|208|16312
05102016|193730|-304|128|16180
05102016|193732|-236|176|16264
05102016|193734|-308|248|16248
05102016|193736|-344|188|16168
05102016|193738|-344|192|16216
05102016|193740|-192|280|16280
05102016|193742|-160|264|16380
05102016|193744|-256|168|16280
05102016|193746|-396|204|16444
05102016|193748|-256|276|16240
05102016|193750|-384|212|16212
05102016|193752|-216|244|16232
05102016|193754|-372|212|16136
05102016|193757|-308|100|16232
05102016|193759|-268|248|16220
05102016|193801|-368|228|16144
05102016|193803|-408|128|16304
05102016|193805|-380|160|16236
05102016|193807|-344|192|16336
05102016|193809|-204|240|16240
05102016|193811|-156|240|16408
05102016|193813|-372|172|16400
05102016|193815|-260|220|16276
05102016|193817|-308|272|16168
05102016|193819|-232|212|16304
05102016|193821|-240|228|16236
05102016|193823|-488|252|16104
05102016|193826|-480|232|16232
05102016|193828|-260|184|16288
05102016|193830|-348|152|16240
05102016|193832|-324|144|16452
05102016|193834|16|164|16208
05102016|193836|-308|204|16348
05102016|193838|-300|252|16284
05102016|193840|-352|212|16256
05102016|193842|-336|176|16264
05102016|193844|-332|196|16268
05102016|193846|-260|120|16244
05102016|193848|-356|184|16240
05102016|193850|-460|280|16364
05102016|193852|-276|188|16316
05102016|193855|-340|268|16464
05102016|193857|-272|280|16400
05102016|193859|-300|236|16240
05102016|193901|-336|192|16360
05102016|193903|-316|284|16268
05102016|193905|-328|248|16200
05102016|193907|-428|132|16380
05102016|193909|-288|252|16480
05102016|193911|-364|244|16332
05102016|193913|-272|292|16440
05102016|193915|-264|280|16360
05102016|193917|-288|260|16440
05102016|193919|-232|216|16348
05102016|193922|-208|148|16344
05102016|193924|-232|308|16188
05102016|193926|-316|272|16280
05102016|193928|-380|256|16148
05102016|193930|-264|208|16320
05102016|193932|-332|360|16352
05102016|193934|-412|160|16432
05102016|193936|-252|292|16412
05102016|193938|-372|268|16348
05102016|193940|-272|152|16272
05102016|193942|-340|280|16236
05102016|193944|-296|204|16276
05102016|193946|-400|156|16048
05102016|193948|-284|200|16312
05102016|193951|-276|184|16252
05102016|193953|-236|208|16304
05102016|193955|-288|152|16324
05102016|193957|-372|172|16296
05102016|193959|-208|304|16304
05102016|194001|-248|108|16384
05102016|194003|-368|248|16316
05102016|194005|-192|96|16044
05102016|194007|-488|204|16316
05102016|194009|-360|208|16340
05102016|194011|-452|336|16468
05102016|194013|-300|192|16336
05102016|194015|-300|144|16276
05102016|194017|-268|248|16316
05102016|194020|-276|104|16208
05102016|194022|-356|196|16268
05102016|194024|-420|228|16376
05102016|194026|-292|192|16376
05102016|194028|-340|296|16272
05102016|194030|-384|268|16360
05102016|194032|-336|160|16268
05102016|194034|-396|228|16308
05102016|194036|-412|248|16380
05102016|194038|-368|204|16368
05102016|194040|-324|104|16236
05102016|194042|-328|136|16256
05102016|194044|-432|184|16132
05102016|194046|-320|256|16360
05102016|194049|-332|236|16336
05102016|194051|-288|188|16220
05102016|194053|-276|244|16288
05102016|194055|-184|228|16308
05102016|194057|-208|192|16288
05102016|194059|-332|212|16440
05102016|194101|-252|368|16156
05102016|194103|-324|244|16220
05102016|194105|-328|92|16256
05102016|194107|-316|204|16340
05102016|194109|-296|292|16340
05102016|194111|-372|220|16288
05102016|194113|-208|192|16288
05102016|194116|-280|136|16236
05102016|194118|-324|204|16184
05102016|194120|-244|256|16288
05102016|194122|-404|352|16336
05102016|194124|-316|168|16168
05102016|194126|-296|248|16280
05102016|194128|-272|192|16420
05102016|194130|-364|248|16236
05102016|194132|-344|144|16236
05102016|194134|-300|220|16360
05102016|194136|-308|184|16324
05102016|194138|-300|160|16292
05102016|194140|-204|264|16448
05102016|194142|-304|268|16380
05102016|194145|-320|196|16348
05102016|194147|-388|192|16284
05102016|194149|-308|248|16328
05102016|194151|-360|180|16264
05102016|194153|-360|260|16400
05102016|194155|-164|64|16520
05102016|194157|-288|236|16284
05102016|194159|-192|188|16316
05102016|194201|-464|164|16324
05102016|194203|-408|180|16348
05102016|194205|-256|220|16272
05102016|194207|-276|244|16360
05102016|194209|-328|172|16412
05102016|194211|-328|212|16420
05102016|194214|-328|192|16292
05102016|194216|-204|308|16200
05102016|194218|-340|248|16376
05102016|194220|-168|228|16328
05102016|194222|-248|196|16388
05102016|194224|-292|248|16256
05102016|194226|-324|244|16352
05102016|194228|-268|124|16328
05102016|194230|-264|164|16492
05102016|194232|-272|124|16148
05102016|194234|-316|200|16244
05102016|194236|-352|232|16240
05102016|194238|-360|136|16364
05102016|194241|-296|292|16312
05102016|194243|-308|152|16196
05102016|194245|-340|140|16348
05102016|194247|-316|188|16240
05102016|194249|-324|236|16392
05102016|194251|-392|212|16288
05102016|194253|-372|168|16432
05102016|194255|-316|152|16212
05102016|194257|-304|260|16244
05102016|194259|-336|156|16468
05102016|194301|-452|284|16380
05102016|194303|-520|188|16416
05102016|194305|-304|192|16256
05102016|194307|-320|140|16336
05102016|194310|-396|96|16292
05102016|194312|-316|120|16340
05102016|194314|-364|216|16256
05102016|194316|-352|284|16420
05102016|194318|-364|260|16284
05102016|194320|-464|200|16324
05102016|194322|-312|248|16416
05102016|194324|-436|148|16188
05102016|194326|-356|128|16384
05102016|194328|-368|280|16328
05102016|194330|-356|252|16360
05102016|194332|-388|200|16380
05102016|194334|-372|240|16300
05102016|194337|-356|268|16416
05102016|194339|-412|200|16224
05102016|194341|-280|192|16340
05102016|194343|-328|108|16244
05102016|194345|-308|244|16404
05102016|194347|-356|248|16488
05102016|194349|-256|156|16304
05102016|194351|-348|224|16272
05102016|194353|-324|160|16276
05102016|194355|-308|20|16324
05102016|194357|-372|224|16312
05102016|194359|-292|268|16480
05102016|194401|-356|204|16400
05102016|194403|-336|136|16364
05102016|194406|-236|140|16352
05102016|194408|-436|156|16272
05102016|194410|-292|188|16284
05102016|194412|-296|128|16392
05102016|194414|-312|316|16236
05102016|194416|-400|212|16188
05102016|194418|-264|152|16412
05102016|194420|-352|128|16360
05102016|194422|-296|136|16280
05102016|194424|-388|196|16300
05102016|194426|-256|156|16336
05102016|194428|-288|164|16396
05102016|194430|-284|244|16436
05102016|194432|-308|124|16196
05102016|194435|-292|224|16196
05102016|194437|-348|192|16304
05102016|194439|-280|264|16312
05102016|194441|-336|180|16312
05102016|194443|-372|188|16392
05102016|194445|-248|216|16348
05102016|194447|-424|216|16444
05102016|194449|-316|244|16320
05102016|194451|-568|184|16224
05102016|194453|-252|228|16296
05102016|194455|-332|252|16120
05102016|194457|-368|204|16228
05102016|194459|-332|220|16348
05102016|194501|-384|252|16256
05102016|194504|-304|336|16444
05102016|194506|-360|260|16452
05102016|194508|-432|260|16340
05102016|194510|-428|216|16404
05102016|194512|-324|184|16312
05102016|194514|-444|200|16260
05102016|194516|-268|288|16340
05102016|194518|-384|228|16216
05102016|194520|-344|248|16476
05102016|194522|-392|248|16136
05102016|194524|-336|240|16212
05102016|194526|-428|220|16136
05102016|194528|-348|208|16220
05102016|194531|-420|172|16236
05102016|194533|-328|188|16316
05102016|194535|-280|208|16348
05102016|194537|-324|288|16276
05102016|194539|-332|164|16212
05102016|194541|-328|180|16276
05102016|194543|-400|144|16172
05102016|194545|-328|116|16284
05102016|194547|-344|204|16352
05102016|194549|-388|188|16400
05102016|194551|-404|216|16188
05102016|194553|-376|248|16384
05102016|194555|-388|152|16360
05102016|194557|-304|300|16392
05102016|194600|-312|260|16328
05102016|194602|-300|228|16396
05102016|194604|-284|220|16404
05102016|194606|-312|128|16276
05102016|194608|-372|152|16336
05102016|194610|-356|216|16224
05102016|194612|-312|220|16408
05102016|194614|-284|200|16224
05102016|194616|-420|216|16280
05102016|194618|-292|184|16308
05102016|194620|-280|232|16324
05102016|194622|-292|236|16304
05102016|194624|-280|80|16184
05102016|194626|-456|304|16308
05102016|194629|-352|152|16436
05102016|194631|-336|208|16268
05102016|194633|-284|112|16348
05102016|194635|-320|160|16264
05102016|194637|-348|200|16364
05102016|194639|-276|168|16352
05102016|194641|-392|208|16268
05102016|194643|-400|176|16328
05102016|194645|-424|272|16332
05102016|194647|-252|272|16292
05102016|194649|-392|152|16416
05102016|194651|-364|184|16372
05102016|194653|-232|236|16436
05102016|194655|-384|84|16236
05102016|194658|-392|204|16396
05102016|194700|-360|328|16440
05102016|194702|-428|184|16292
05102016|194704|-388|232|16268
05102016|194706|-364|320|16416
05102016|194708|-456|212|16212
05102016|194710|-380|236|16152
05102016|194712|-316|172|16416
05102016|194714|-296|216|16300
05102016|194716|-364|168|16404
05102016|194718|-344|108|16312
05102016|194720|-316|228|16384
05102016|194722|-384|168|16424
05102016|194725|-280|252|16200
05102016|194727|-392|172|16304
05102016|194729|-380|252|16336
05102016|194731|-380|216|16448
05102016|194733|-332|236|16204
05102016|194735|-364|216|16252
05102016|194737|-468|228|16192
05102016|194739|-320|136|16316
05102016|194741|-360|156|16384
05102016|194743|-368|172|16436
05102016|194745|-332|192|16204
05102016|194747|-340|252|16256
05102016|194749|-368|192|16516
05102016|194751|-392|132|16304
05102016|194754|-288|232|16512
05102016|194756|-332|172|16316
05102016|194758|-352|232|16396
05102016|194800|-380|208|16312
05102016|194802|-292|200|16380
05102016|194804|-396|248|16308
05102016|194806|-316|208|16348
05102016|194808|-340|152|16216
05102016|194810|-264|228|16368
05102016|194812|-404|188|16324
05102016|194814|-256|236|16360
05102016|194816|-388|316|16232
05102016|194818|-288|140|16240
05102016|194820|-352|212|16356
05102016|194823|-376|236|16324
05102016|194825|-280|132|16268
05102016|194827|-300|204|15968
05102016|194829|-268|200|16496
05102016|194831|-448|212|16448
05102016|194833|-380|316|16244
05102016|194835|-356|140|16156
05102016|194837|-404|212|16284
05102016|194839|-252|208|16272
05102016|194841|-248|236|16352
05102016|194843|-292|128|16432
05102016|194845|-396|196|16444
05102016|194847|-348|152|16380
05102016|194850|-488|184|16312
05102016|194852|-284|268|16328
05102016|194854|-336|172|16160
05102016|194856|-284|212|16472
05102016|194858|-316|152|16400
05102016|194900|-308|184|16352
05102016|194902|-320|232|16300
05102016|194904|-392|216|16280
05102016|194906|-420|160|16348
05102016|194908|-296|208|16328
05102016|194910|-268|300|16236
05102016|194912|-352|140|16268
05102016|194914|-284|216|16392
05102016|194916|-216|140|16236
05102016|194919|-568|312|15240
05102016|194921|-360|184|16476
05102016|194923|-488|88|16392
05102016|194925|140|420|16756
05102016|194927|-460|116|16340
05102016|194929|-440|136|16236
05102016|194931|-324|164|16384
05102016|194933|-292|128|16192
05102016|194935|-408|164|16188
05102016|194937|-308|208|16456
05102016|194939|-360|188|16444
05102016|194941|-292|188|16364
05102016|194943|-316|216|16336
05102016|194945|-356|212|16396
05102016|194948|-372|364|16340
05102016|194950|-308|200|16288
05102016|194952|-308|224|16268
05102016|194954|-364|180|16428
05102016|194956|-336|180|16432
05102016|194958|-428|180|16292
05102016|195000|-224|224|16460
05102016|195002|-352|164|16300
05102016|195004|-240|112|16364
05102016|195006|-364|264|16288
05102016|195008|-224|60|16444
05102016|195010|-424|204|16440
05102016|195012|-324|172|16240
05102016|195015|-256|276|16324
05102016|195017|-344|216|16420
05102016|195019|-432|252|16220
05102016|195021|-344|336|16380
05102016|195023|-276|236|16384
05102016|195025|-368|184|16372
05102016|195027|-268|100|16252
05102016|195029|-256|180|16436
05102016|195031|-252|252|16484
05102016|195033|-256|204|16272
05102016|195035|-308|288|16280
05102016|195037|-332|224|16412
05102016|195039|-420|144|16324
05102016|195041|-384|172|16288
05102016|195044|-380|316|16420
05102016|195046|-308|148|16336
05102016|195048|-292|188|16288
05102016|195050|-400|144|16412
05102016|195052|-276|236|16244
05102016|195054|-388|272|16128
05102016|195056|-252|184|16376
05102016|195058|-424|288|16360
05102016|195100|-360|232|16352
05102016|195102|-396|224|16444
05102016|195104|-316|260|16328
05102016|195106|-348|196|16548
05102016|195108|-356|192|16408
05102016|195110|-340|244|16212
05102016|195113|-416|204|16496
05102016|195115|-344|180|16308
05102016|195117|-348|228|16268
05102016|195119|-292|132|16360
05102016|195121|-344|216|16236
05102016|195123|-436|264|16228
05102016|195125|-344|172|16408
05102016|195127|-408|288|16404
05102016|195129|-356|216|16392
05102016|195131|-252|60|16244
05102016|195133|-288|116|16384
05102016|195135|-320|104|16404
05102016|195137|-316|180|16460
05102016|195139|-364|180|16344
05102016|195142|-268|148|16416
05102016|195144|-324|164|16436
05102016|195146|-244|224|16392
05102016|195148|-320|176|16416
05102016|195150|-268|276|16352
05102016|195152|-332|248|16336
05102016|195154|-260|192|16336
05102016|195156|-420|304|16328
05102016|195158|-296|204|16380
05102016|195200|-320|184|16384
05102016|195202|-344|36|16204
05102016|195204|-324|156|16476
05102016|195206|-320|220|16340
05102016|195209|-312|232|16428
05102016|195211|-356|236|16396
05102016|195213|-304|280|16276
05102016|195215|-324|184|16372
05102016|195217|-348|240|16312
05102016|195219|-396|180|16272
05102016|195221|-292|232|16420
05102016|195223|-380|152|16284
05102016|195225|-336|272|16448
05102016|195227|-384|216|16272
05102016|195229|-280|296|16328
05102016|195231|-220|276|16236
05102016|195233|-416|188|16504
05102016|195235|-340|248|16308
05102016|195238|-368|248|16384
05102016|195240|-288|156|16496
05102016|195242|-356|128|16316
05102016|195244|-372|248|16456
05102016|195246|-384|136|16436
05102016|195248|-264|168|16380
05102016|195250|-312|340|16488
05102016|195252|-276|180|16232
05102016|195254|-368|180|16324
05102016|195256|-272|188|16404
05102016|195258|-304|172|16380
05102016|195300|-372|128|16380
05102016|195302|-320|308|16336
05102016|195304|-328|184|16420
05102016|195307|-268|224|16348
05102016|195309|-292|188|16392
05102016|195311|-384|144|16296
05102016|195313|-340|304|16364
05102016|195315|-252|176|16440
05102016|195317|-292|196|16508
05102016|195319|-264|188|16292
05102016|195321|-500|128|16244
05102016|195323|-400|108|16312
05102016|195325|-372|228|16284
05102016|195327|-388|264|16268
05102016|195329|-472|172|16352
05102016|195331|-284|208|16288
05102016|195334|-408|160|16372
05102016|195336|-336|168|16360
05102016|195338|-304|212|16360
05102016|195340|-292|144|16484
05102016|195342|-268|224|16256
05102016|195344|-344|200|16328
05102016|195346|-368|116|16344
05102016|195348|-320|232|16420
05102016|195350|-336|212|16420
05102016|195352|-248|184|16536
05102016|195354|-368|296|16372
05102016|195356|-364|172|16288
05102016|195358|-332|212|16456
05102016|195400|-452|272|16212
05102016|195403|-276|180|16476
05102016|195405|-312|248|16296
05102016|195407|-248|272|16352
05102016|195409|-348|296|16304
05102016|195411|-324|200|16372
05102016|195413|-440|156|16336
05102016|195415|-264|216|16328
05102016|195417|-280|216|16344
05102016|195419|-300|300|16276
05102016|195421|-236|192|16200
05102016|195423|-324|284|16404
05102016|195425|-296|280|16328
05102016|195427|-396|276|16284
05102016|195429|-312|256|16328
05102016|195432|-340|200|16412
05102016|195434|-392|144|16244
05102016|195436|-220|232|16336
05102016|195438|-344|176|16440
05102016|195440|-364|188|16308
05102016|195442|-364|164|16420
05102016|195444|-312|200|16296
05102016|195446|-240|212|16272
05102016|195448|-348|228|16232
05102016|195450|-396|288|16328
05102016|195452|-272|248|16420
05102016|195454|-352|172|16260
05102016|195456|-312|156|16376
05102016|195459|-348|244|16496
05102016|195501|-340|252|16192
05102016|195503|-408|208|16336
05102016|195505|-180|228|16392
05102016|195507|-372|184|16300
05102016|195509|-352|288|16424
05102016|195511|-304|280|16356
05102016|195513|-260|264|16516
05102016|195515|-284|236|16296
05102016|195517|-260|272|16456
05102016|195519|-284|184|16324
05102016|195521|-232|200|16392
05102016|195523|-256|280|16360
05102016|195525|-440|140|16312
05102016|195528|-264|256|16248
05102016|195530|-280|192|16312
05102016|195532|-236|324|16384
05102016|195534|-324|188|16356
05102016|195536|-380|236|16332
05102016|195538|-376|212|16448
05102016|195540|-408|208|16388
05102016|195542|-324|272|16416
05102016|195544|-380|164|16420
05102016|195546|-308|260|16284
05102016|195548|-412|128|16368
05102016|195550|-304|184|16372
05102016|195552|-340|156|16348
05102016|195554|-312|160|16488
05102016|195557|-428|216|16440
05102016|195559|-364|176|16452
05102016|195601|-340|196|16592
05102016|195603|-320|132|16332
05102016|195605|-344|116|16256
05102016|195607|-936|56|16020
05102016|195609|-352|160|16408
05102016|195611|-288|192|16196
05102016|195613|-324|304|16232
05102016|195615|-380|184|16252
05102016|195617|-320|160|16196
05102016|195619|-420|228|16500
05102016|195621|-344|184|16292
05102016|195624|-312|248|16384
05102016|195626|-356|180|16376
05102016|195628|-304|252|16428
05102016|195630|-364|136|16288
05102016|195632|-388|156|16400
05102016|195634|-356|192|16448
05102016|195636|-388|300|16268
05102016|195638|-376|224|16360
05102016|195640|-352|152|16324
05102016|195642|-260|208|16376
05102016|195644|-28|464|16408
05102016|195646|-348|144|16456
05102016|195648|-308|228|16332
05102016|195650|-392|184|16348
05102016|195653|-288|92|16368
05102016|195655|-340|224|16328
05102016|195657|-456|252|16468
05102016|195659|-396|212|16380
05102016|195701|-260|128|16432
05102016|195703|-336|236|16408
05102016|195705|-280|168|16540
05102016|195707|-376|156|16320
05102016|195709|-320|324|16392
05102016|195711|-348|316|16372
05102016|195713|-508|136|16444
05102016|195715|-160|264|16536
05102016|195717|-416|244|16508
05102016|195719|-428|212|16400
05102016|195722|-304|216|16392
05102016|195724|-264|204|16340
05102016|195726|-424|144|16308
05102016|195728|-388|120|16420
05102016|195730|-404|180|16400
05102016|195732|-380|144|16316
05102016|195734|-192|256|16584
05102016|195736|-332|260|16316
05102016|195738|-324|208|16460
05102016|195740|-388|260|16412
05102016|195742|-288|216|16320
05102016|195744|-292|196|16320
05102016|195746|-368|216|16276
05102016|195749|-436|168|16432
05102016|195751|-388|156|16368
05102016|195753|-312|192|16340
05102016|195755|-360|156|16324
05102016|195757|-392|196|16404
05102016|195759|-416|220|16444
05102016|195801|-204|120|16576
05102016|195803|-348|140|16492
05102016|195805|-380|232|16480
05102016|195807|-284|104|16480
05102016|195809|-280|216|16396
05102016|195811|-216|208|16576
05102016|195813|-372|208|16360
05102016|195815|-340|216|16596
05102016|195818|-336|152|16260
05102016|195820|-336|204|16276
05102016|195822|-384|140|16560
05102016|195824|-272|36|17084
05102016|195826|-480|176|16436
05102016|195828|-204|416|15888
05102016|195830|-352|200|16312
05102016|195832|-380|200|16288
05102016|195834|-340|184|16584
05102016|195836|-396|360|16864
05102016|195838|-268|144|16464
05102016|195840|-336|52|16272
05102016|195842|-356|112|16412
05102016|195844|-308|-4|16344
05102016|195847|-300|100|16404
05102016|195849|-380|204|16420
05102016|195851|-340|184|16336
05102016|195853|-516|88|16208
05102016|195855|-336|48|16356
05102016|195857|-144|200|16400
05102016|195859|-208|84|16604
05102016|195901|-388|64|16428
05102016|195903|-332|236|16304
05102016|195905|-324|136|16468
05102016|195907|-388|120|16284
05102016|195909|-256|64|16272
05102016|195911|-228|76|16564
05102016|195914|-328|168|16444
05102016|195916|-300|24|16540
05102016|195918|-336|76|16364
05102016|195920|-328|228|16508
05102016|195922|-332|96|16356
05102016|195924|-308|56|16488
05102016|195926|-320|128|16008
05102016|195928|-300|84|16340
05102016|195930|-148|76|16168
05102016|195932|-324|192|16224
05102016|195934|-364|136|16372
05102016|195936|-112|248|16336
05102016|195938|-208|116|16448
05102016|195940|-408|188|16288
05102016|195943|-280|160|16372
05102016|195945|-296|156|16420
05102016|195947|-324|168|16380
05102016|195949|-372|168|16368
05102016|195951|-316|52|16416
05102016|195953|-312|56|16396
05102016|195955|-272|136|16360
05102016|195957|-296|140|16336
05102016|195959|-360|108|16328
05102016|200001|-248|164|16360
05102016|200003|-304|144|16392
05102016|200005|-240|80|16488
05102016|200007|-264|76|16436
05102016|200009|-284|128|16372
05102016|200012|-220|192|16284
05102016|200014|-288|112|16444
05102016|200016|-252|188|16440
05102016|200018|-328|96|16384
05102016|200020|-292|152|16412
05102016|200022|-296|68|16328
05102016|200024|-488|68|16356
05102016|200026|-248|108|16380
05102016|200028|-348|52|16264
05102016|200030|-280|168|16376
05102016|200032|-332|184|16392
05102016|200034|-308|172|16368
05102016|200036|-296|144|16404
05102016|200038|-340|136|16328
05102016|200041|-228|176|16548
05102016|200043|264|188|16992
05102016|200045|-424|152|16224
05102016|200047|-292|84|16344
05102016|200049|-340|152|16260
05102016|200051|-332|112|16296
05102016|200053|-412|88|16396
05102016|200055|-340|172|16240
05102016|200057|-268|156|16364
05102016|200059|-332|-32|16408
05102016|200101|-384|156|16376
05102016|200103|-436|144|16120
05102016|200105|-352|108|16500
05102016|200108|-1380|-72|16328
05102016|200110|-424|164|16292
05102016|200112|28|140|16688
05102016|200114|-640|52|15924
05102016|200116|-296|236|16552
05102016|200118|-516|176|16204
05102016|200120|-264|128|16400
05102016|200122|-360|176|16380
05102016|200124|-416|100|16360
05102016|200126|-316|196|16508
05102016|200128|-300|68|16316
05102016|200130|-276|100|16328
05102016|200132|-308|32|16356
05102016|200134|-300|8|16316
05102016|200137|-244|28|16452
05102016|200139|-276|136|16420
05102016|200141|-280|72|16416
05102016|200143|-372|100|16524
05102016|200145|-240|92|16600
05102016|200147|-356|128|16176
05102016|200149|-312|144|16284
05102016|200151|-388|88|16284
05102016|200153|-320|108|16444
05102016|200155|-248|76|16420
05102016|200157|-280|84|16300
05102016|200159|-296|108|16444
05102016|200201|-308|64|16408
05102016|200203|-312|16|16300
05102016|200206|-284|148|16564
05102016|200208|-288|120|16516
05102016|200210|-340|140|16332
05102016|200212|-280|108|16384
05102016|200214|-356|32|16492
05102016|200216|-304|128|16288
05102016|200218|-232|8|16456
05102016|200220|-304|56|16560
05102016|200222|-300|160|16468
05102016|200224|-324|124|16392
05102016|200226|-256|96|16396
05102016|200228|-252|40|16308
05102016|200230|-208|84|16456
05102016|200232|-272|68|16448
05102016|200235|-340|40|16308
05102016|200237|-332|-12|16372
05102016|200239|-272|116|16276
05102016|200241|-272|116|16304
05102016|200243|-388|44|16368
05102016|200245|-304|140|16472
05102016|200247|-412|32|16440
05102016|200249|-324|84|16396
05102016|200251|-332|96|16372
05102016|200253|-332|76|16408
05102016|200255|-388|240|16348
05102016|200257|-216|116|16460
05102016|200259|-364|40|16340
05102016|200301|-360|100|16476
05102016|200304|-212|-4|16332
05102016|200306|-340|52|16360
05102016|200308|-256|136|16312
05102016|200310|-144|108|16520
05102016|200312|-172|52|16376
05102016|200314|-276|156|16288
05102016|200316|-368|136|16256
05102016|200318|-320|112|16620
05102016|200320|-300|140|16420
05102016|200322|-272|116|16488
05102016|200324|-344|-68|16348
05102016|200326|-256|112|16508
05102016|200328|-156|120|16404
05102016|200331|-380|52|16288
05102016|200333|-400|156|16284
05102016|200335|-348|48|16432
05102016|200337|-316|80|16452
05102016|200339|-288|72|16428
05102016|200341|-324|88|16488
05102016|200343|-232|120|16508
05102016|200345|-332|140|16456
05102016|200347|-384|116|16436
05102016|200349|-272|60|16380
05102016|200351|-352|172|16576
05102016|200353|-264|88|16316
05102016|200355|-356|84|16464
05102016|200357|-292|164|16288
05102016|200400|-408|108|16388
05102016|200402|-272|124|16376
05102016|200404|-324|92|16476
05102016|200406|-320|76|16352
05102016|200408|-252|180|16436
05102016|200410|-344|160|16424
05102016|200412|-244|-32|16368
05102016|200414|-388|104|16432
05102016|200416|-216|76|16444
05102016|200418|-356|144|16404
05102016|200420|-276|72|16424
05102016|200422|-292|100|16344
05102016|200424|-296|140|16392
05102016|200426|-268|112|16452
05102016|200429|-304|92|16316
05102016|200431|-280|76|16380
05102016|200433|-316|84|16352
05102016|200435|-528|-44|16240
05102016|200437|-428|104|16352
05102016|200439|-380|24|16516
05102016|200441|-280|124|16380
05102016|200443|-296|84|16360
05102016|200445|-260|40|16444
05102016|200447|-312|184|16348
05102016|200449|-236|68|16508
05102016|200451|-216|140|16372
05102016|200453|-304|96|16440
05102016|200456|-292|88|16244
05102016|200458|-244|196|16448
05102016|200500|-288|124|16424
05102016|200502|-284|76|16560
05102016|200504|-348|116|16572
05102016|200506|-360|84|16300
05102016|200508|-396|80|16408
05102016|200510|-260|56|16308
05102016|200512|-280|164|16324
05102016|200514|-308|84|16412
05102016|200516|-292|132|16420
05102016|200518|-292|24|16324
05102016|200520|-248|160|16420
05102016|200523|-324|-16|16408
05102016|200525|-184|48|16516
05102016|200527|-292|136|16280
05102016|200529|-384|88|16504
05102016|200531|-368|-16|16520
05102016|200533|-272|172|16320
05102016|200535|-376|108|16428
05102016|200537|-244|100|16492
05102016|200539|-252|132|16328
05102016|200541|-148|136|16608
05102016|200543|-336|160|16500
05102016|200545|-316|100|16248
05102016|200547|-372|144|16332
05102016|200549|-244|0|16456
05102016|200552|-272|124|16304
05102016|200554|-312|108|16384
05102016|200556|-296|104|16364
05102016|200558|-384|68|16364
05102016|200600|-340|108|16440
05102016|200602|-248|216|16532
05102016|200604|-400|140|16328
05102016|200606|-296|32|16592
05102016|200608|-308|76|16428
05102016|200610|-324|12|16512
05102016|200612|-192|100|16476
05102016|200614|-352|24|16448
05102016|200616|-416|52|16396
05102016|200618|-336|124|16204
05102016|200621|-348|160|16348
05102016|200623|-328|60|16500
05102016|200625|-236|20|16468
05102016|200627|-212|200|16344
05102016|200629|-224|88|16380
05102016|200631|-308|16|16236
05102016|200633|-284|52|16372
05102016|200635|-244|4|16400
05102016|200637|-336|76|16408
05102016|200639|-208|128|16376
05102016|200641|-292|108|16380
05102016|200643|-264|64|16504
05102016|200645|-344|104|16276
05102016|200647|-208|156|16468
05102016|200650|-248|124|16548
05102016|200652|-360|124|16464
05102016|200654|-324|108|16396
05102016|200656|-280|228|16432
05102016|200658|-328|72|16312
05102016|200700|-340|52|16456
05102016|200702|-248|92|16488
05102016|200704|-376|164|16352
05102016|200706|-320|24|16316
05102016|200708|-368|80|16412
05102016|200710|-276|36|16296
05102016|200712|-128|16|16472
05102016|200714|-204|84|16492
05102016|200717|-380|44|16488
05102016|200719|-364|68|16396
05102016|200721|-348|44|16328
05102016|200723|-360|188|16300
05102016|200725|-324|68|16364
05102016|200727|-444|164|16528
05102016|200729|-316|136|16520
05102016|200731|-180|80|16464
05102016|200733|-328|32|16572
05102016|200735|-288|104|16552
05102016|200737|-396|64|16364
05102016|200739|-332|104|16424
05102016|200741|-332|20|16320
05102016|200743|-332|92|16352
05102016|200746|-256|72|16428
05102016|200748|-276|104|16284
05102016|200750|-308|44|16264
05102016|200752|-316|-12|16456
05102016|200754|-628|184|16228
05102016|200756|-284|60|16428
05102016|200758|-216|160|16416
05102016|200800|-300|36|16416
05102016|200802|-344|84|16360
05102016|200804|-272|72|16396
05102016|200806|-256|120|16352
05102016|200808|-432|124|16376
05102016|200810|-188|96|16276
05102016|200813|-288|60|16364
05102016|200815|-248|116|16508
05102016|200817|-364|148|16440
05102016|200819|-276|100|16332
05102016|200821|-248|0|16488
05102016|200823|-272|112|16300
05102016|200825|-272|76|16456
05102016|200827|-288|152|16332
05102016|200829|-328|80|16372
05102016|200831|-308|24|16304
05102016|200833|-312|60|16480
05102016|200835|-288|76|16516
05102016|200837|-248|76|16388
05102016|200840|-392|128|16304
05102016|200842|-372|204|16312
05102016|200844|-352|48|16312
05102016|200846|-324|8|16516
05102016|200848|-336|184|16336
05102016|200850|-156|152|16428
05102016|200852|-360|96|16288
05102016|200854|-116|192|16512
05102016|200856|-220|120|16404
05102016|200858|-380|32|16316
05102016|200900|-436|40|16428
05102016|200902|-320|168|16364
05102016|200904|-280|-48|16208
05102016|200907|-248|180|16432
05102016|200909|-316|116|16464
05102016|200911|-324|96|16408
05102016|200913|-252|156|16468
05102016|200915|-400|72|16080
05102016|200917|-220|132|16452
05102016|200919|-272|160|16380
05102016|200921|-340|120|16340
05102016|200923|-324|108|16380
05102016|200925|-264|8|16500
05102016|200927|-260|100|16288
05102016|200929|-228|120|16356
05102016|200931|-332|236|16372
05102016|200933|-300|72|16416
05102016|200936|-264|196|16324
05102016|200938|-324|60|16412
05102016|200940|-308|104|16488
05102016|200942|-404|76|16516
05102016|200944|-416|24|16444
05102016|200946|-396|84|16480
05102016|200948|-132|40|16408
05102016|200950|-336|120|16440
05102016|200952|-316|12|16412
05102016|200954|-364|64|16392
05102016|200956|-348|204|16416
05102016|200958|-240|108|16456
05102016|201000|-172|56|16500
05102016|201003|-300|124|16316
05102016|201005|-240|224|16300
05102016|201007|-80|224|16500
05102016|201009|-332|96|16404
05102016|201011|-240|84|16468
05102016|201013|-264|140|16456
05102016|201019|-464|256|16556
05102016|201021|-288|180|16420
05102016|201023|-328|184|16448
05102016|201025|-312|60|16372
05102016|201027|-316|76|16488
05102016|201029|-368|96|16336
05102016|201031|-300|20|16516
05102016|201033|-272|40|16524
05102016|201035|-392|152|16532
05102016|201043|-100|100|16384
05102016|201045|-288|92|16492
05102016|201047|-400|208|16448
05102016|201049|-276|128|16324
05102016|201052|-388|128|16488
05102016|201054|-432|176|16400
05102016|201056|-392|116|16464
05102016|201058|-344|132|16468
05102016|201100|-320|140|16480
05102016|201102|-328|84|16380
05102016|201104|-340|132|16452
05102016|201301|-372|100|16424
05102016|201303|-304|160|16420
05102016|201305|-260|52|16504
05102016|201307|-256|76|16592
05102016|201309|-348|68|16420
05102016|201311|-356|164|16432
05102016|201313|-416|92|16360
05102016|201319|-308|24|16484
05102016|201321|-264|92|16452
05102016|201324|-280|72|16192
05102016|201326|-260|84|16536
05102016|201328|-200|92|16436
05102016|201330|-368|80|16492
05102016|201332|-296|84|16332
05102016|201346|-360|16|16368
05102016|201348|-164|156|16448
05102016|201350|-276|96|16512
05102016|201352|-208|112|16388
05102016|201354|-352|128|16420
05102016|201357|-216|100|16416
05102016|201359|-348|120|16456
05102016|201401|-360|64|16444
05102016|201403|-172|84|16412
05102016|201405|-308|108|16212
05102016|201407|-340|20|16448
05102016|201409|-308|108|16328
05102016|201411|-224|152|16472
05102016|201413|-304|104|16436
05102016|201415|-316|88|16440
05102016|201417|-232|184|16352
05102016|201419|-264|112|16480
05102016|201421|-376|140|16504
05102016|201423|-356|112|16400
05102016|201425|-80|100|16476
05102016|201427|-300|220|16392
05102016|201429|-292|136|16432
05102016|201431|-256|24|16348
05102016|201433|-336|104|16464
05102016|201435|-344|84|16404
05102016|201437|-308|68|16344
05102016|201439|-332|132|16520
05102016|201441|-400|28|16372
05102016|201443|-364|252|16384
05102016|201445|-356|140|16376
05102016|201447|-356|104|16384
05102016|201449|-380|40|16444
05102016|201451|-388|172|16480
05102016|201454|-296|140|16488
05102016|201456|-272|160|16384
05102016|201458|-288|44|16460
05102016|201500|-384|128|16420
05102016|201502|-276|176|16384
05102016|201504|-368|76|16400
05102016|201506|-404|204|16240
05102016|201508|-296|208|16420
05102016|201510|-320|108|16380
05102016|201512|-344|192|16528
05102016|201514|-324|88|16396
05102016|201516|-408|124|16212
05102016|201524|-232|20|16400
05102016|201526|-264|120|16628
05102016|201528|-348|180|16604
05102016|201530|-384|112|16384
05102016|201532|-328|32|16356
05102016|201534|-412|64|16340
05102016|201536|-280|36|16444
05102016|201539|-260|96|16500
05102016|201541|-232|56|16480
05102016|201543|-360|108|16312
05102016|201545|-416|180|16520
05102016|201547|-248|108|16452
05102016|201549|-520|200|16552
05102016|201551|-436|184|16456
05102016|201553|-296|56|16396
05102016|201555|-272|120|16444
05102016|201557|-332|108|16488
05102016|201559|-432|4|16384
05102016|201601|-288|52|16356
05102016|201603|-432|96|16344
05102016|201605|-308|164|16404
05102016|201607|-272|40|16604
05102016|201609|-320|24|16392
05102016|201611|-356|136|16388
05102016|201613|-300|152|16344
05102016|201615|-284|64|16596
05102016|201617|-336|76|16428
05102016|201619|-348|52|16160
05102016|201621|-324|184|16584
05102016|201623|-296|100|16408
05102016|201625|-256|28|16332
05102016|201627|-272|64|16452
05102016|201629|-324|108|16564
05102016|201631|-308|104|16504
05102016|201634|-324|120|16400
05102016|201636|-308|96|16364
05102016|201638|-340|40|16428
05102016|201640|-308|36|16532
05102016|201642|-356|-12|16356
05102016|201644|-272|180|16492
05102016|201646|-252|116|16356
05102016|201648|-364|172|16560
05102016|201650|-408|100|16424
05102016|201652|-176|196|16456
05102016|201654|-288|84|16356
05102016|201656|-96|144|16412
05102016|201658|-336|84|16468
05102016|201700|-152|124|16452
05102016|201702|-232|136|16380
05102016|201704|-164|24|16360
05102016|201706|-312|32|16552
05102016|201708|-348|188|16652
05102016|201710|-308|56|16528
05102016|201712|-436|144|16328
05102016|201714|-308|88|16232
05102016|201716|-204|160|16412
05102016|201718|-268|84|16408
05102016|201720|-312|24|16428
05102016|201722|-240|160|16556
05102016|201724|-328|148|16244
05102016|201726|-296|-4|16516
05102016|201728|-236|52|16372
05102016|201731|-240|172|16348
05102016|201733|-212|76|16380
05102016|201735|-152|64|16340
05102016|201737|-452|128|16548
05102016|201739|-292|-12|16468
05102016|201741|-116|52|16476
05102016|201743|-340|140|16392
05102016|201745|-140|72|16348
05102016|201747|-312|116|16412
05102016|201749|-320|48|16380
05102016|201751|-212|252|16388
05102016|201753|-420|68|16424
05102016|201755|-236|124|16364
05102016|201757|-312|128|16476
05102016|201759|-320|232|16360
05102016|201801|-440|48|16428
05102016|201803|-244|-12|16288
05102016|201805|-304|116|16412
05102016|201807|-332|124|16492
05102016|201809|-288|0|16504
05102016|201811|-420|176|16440
05102016|201813|-340|36|16448
05102016|201823|-228|32|16468
05102016|201825|-348|16|16532
05102016|201827|-292|84|16388
05102016|201829|-460|40|16468
05102016|201831|-264|204|16580
05102016|201833|-256|124|16564
05102016|201835|-308|92|16344
05102016|201837|-348|44|16488
05102016|202000|-228|160|16472
05102016|202002|-236|100|16340
05102016|202005|-144|256|16492
05102016|202007|-232|84|16504
05102016|202009|-164|160|16588
05102016|202012|-128|36|16420
05102016|202014|-200|96|16440
05102016|202016|-272|88|16520
05102016|202019|-160|108|16388
05102016|202021|-176|160|16444
05102016|202023|-192|-640|16360
05102016|202025|-136|140|16360
05102016|202027|-304|212|16304
05102016|202029|-296|200|16580
05102016|202032|-364|228|16408
05102016|202034|-216|248|16324
05102016|202036|-240|224|16672
05102016|202038|-384|196|16408
05102016|202040|-432|220|16464
05102016|202042|-384|160|16488
05102016|202044|-240|260|16588
05102016|202046|-308|264|16492
05102016|202048|-220|312|16440
05102016|202050|-168|264|16468
05102016|202052|-304|88|16380
05102016|202054|-320|212|16472
05102016|202056|-332|192|16436
05102016|202058|-188|256|16396
05102016|202100|-272|160|16356
05102016|202102|-400|200|16680
05102016|202104|-200|228|16480
05102016|202106|-264|380|16372
05102016|202108|-92|360|16508
05102016|202110|-244|200|16420
05102016|202112|-120|308|16412
05102016|202114|-276|172|16404
05102016|202116|-120|252|16384
05102016|202118|-152|260|16472
05102016|202120|-8|460|16612
05102016|202122|-364|204|16452
05102016|202124|-32|300|16460
05102016|202126|-284|204|16404
05102016|202129|-256|220|16308
05102016|202131|-96|300|16436
05102016|202133|-172|276|16384
05102016|202135|-208|168|16648
05102016|202137|-224|244|16508
05102016|202139|-280|300|16396
05102016|202141|-332|324|16392
05102016|202143|-236|236|16348
05102016|202145|-344|264|16340
05102016|202147|-252|200|16588
05102016|202149|-188|164|16252
05102016|202151|-148|276|16340
05102016|202153|-328|116|15468
05102016|202155|-228|260|16248
05102016|202157|-284|288|16428
05102016|202159|-140|228|16524
05102016|202201|-252|228|16356
05102016|202203|-184|280|16424
05102016|202205|-208|468|16096
05102016|202207|-192|332|16340
05102016|202209|-212|284|16352
05102016|202211|-212|292|16380
05102016|202213|-168|276|16460
05102016|202215|-264|256|16372
05102016|202217|-300|208|16536
05102016|202219|-160|180|16424
05102016|202221|-240|252|16448
05102016|202224|-184|176|16420
05102016|202226|-204|236|16492
05102016|202228|-208|208|16376
05102016|202230|-84|212|16428
05102016|202232|-196|360|16592
05102016|202234|-216|312|16356
05102016|202236|-256|140|16476
05102016|202238|-296|268|16468
05102016|202240|-84|108|16400
05102016|202242|-232|208|16600
05102016|202244|-236|368|16724
05102016|202246|-360|208|16232
05102016|202248|-284|164|16368
05102016|202250|-148|220|16612
05102016|202252|-168|212|16512
05102016|202254|-236|196|16492
05102016|202256|-200|280|16428
05102016|202258|-248|360|16472
05102016|202300|-248|220|16436
05102016|202302|-268|252|16632
05102016|202304|-308|216|16464
05102016|202306|-200|232|16440
05102016|202308|-168|168|16460
05102016|202310|-184|196|16516
05102016|202312|-352|264|16568
05102016|202314|-256|208|16464
05102016|202316|-156|212|16492
05102016|202319|-296|248|16432
05102016|202321|-304|184|16592
05102016|202323|-276|216|16388
05102016|202325|-280|272|16420
05102016|202327|-304|200|16536
05102016|202329|-236|212|16516
05102016|202331|-300|276|16476
05102016|202333|-228|200|16352
05102016|202335|-240|328|16488
05102016|202337|-308|192|16360
05102016|202339|-240|268|16412
05102016|202341|-272|288|16428
05102016|202343|-260|220|16564
05102016|202345|-396|464|16424
05102016|202347|244|272|16452
05102016|202349|-272|264|16456
05102016|202351|-192|292|16460
05102016|202353|-264|76|16432
05102016|202355|-248|364|16428
05102016|202357|-276|268|16524
05102016|202359|-300|240|16436
05102016|202401|-200|216|16348
05102016|202403|-220|144|16360
05102016|202405|-188|316|16456
05102016|202407|-188|216|16376
05102016|202409|-160|292|16472
05102016|202411|-376|340|16652
05102016|202414|-324|212|16376
05102016|202416|-260|256|16420
05102016|202418|-180|216|16492
05102016|202420|-256|260|16572
05102016|202422|-236|216|16444
05102016|202424|-312|288|16336
05102016|202426|-312|184|16348
05102016|202428|-300|156|16428
05102016|202430|-172|136|16468
05102016|202432|-216|140|16404
05102016|202434|-256|224|16476
05102016|202436|-248|188|16292
05102016|202438|-248|224|16308
05102016|202440|-280|252|16572
05102016|202442|-184|196|16316
05102016|202444|-212|260|16500
05102016|202446|-216|240|16480
05102016|202448|-208|292|16404
05102016|202450|-244|228|16464
05102016|202452|-256|280|16300
05102016|202454|-256|208|16476
05102016|202456|-232|208|16492
05102016|202458|-164|212|16436
05102016|202500|-256|184|16368
05102016|202502|-320|184|16456
05102016|202504|-244|132|16256
05102016|202506|-240|304|16536
05102016|202509|-252|312|16508
05102016|202511|-232|300|16492
05102016|202513|-196|216|16440
05102016|202515|-388|116|16576
05102016|202517|-256|112|16356
05102016|202519|-220|272|16368
05102016|202521|-176|232|16436
05102016|202523|-172|232|16456
05102016|202525|-208|264|15488
05102016|202527|-88|124|16392
05102016|202529|-308|112|16532
05102016|202531|-220|152|16520
05102016|202533|-272|396|16412
05102016|202535|-200|208|16344
05102016|202537|-184|160|16212
05102016|202539|-332|108|16532
05102016|202541|-276|184|16528
05102016|202543|-200|284|16324
05102016|202545|-244|292|16440
05102016|202547|-176|248|16484
05102016|202549|-300|140|16396
05102016|202551|-304|180|16372
05102016|202553|-300|292|16428
05102016|202555|-284|184|16452
05102016|202557|-244|260|16372
05102016|202559|-204|116|16380
05102016|202601|-284|192|16420
05102016|202604|-296|276|16504
05102016|202606|-188|304|16492
05102016|202608|-288|172|16392
05102016|202610|-196|196|16544
05102016|202612|-200|292|16468
05102016|202614|-236|224|16260
05102016|202616|-240|224|16436
05102016|202618|-280|260|16232
05102016|202620|-192|200|16268
05102016|202622|-152|200|16372
05102016|202624|-184|292|16388
05102016|202626|-324|196|16376
05102016|202628|-268|212|16420
05102016|202630|-180|292|16432
05102016|202632|-252|232|16524
05102016|202634|-208|284|16488
05102016|202636|-120|212|16332
05102016|202638|-192|232|16496
05102016|202640|-312|192|16324
05102016|202642|-312|312|16392
05102016|202644|-196|232|16364
05102016|202646|-288|160|16548
05102016|202648|-324|260|16480
05102016|202650|-244|156|16404
05102016|202659|-292|228|16364
05102016|202701|-208|224|16508
05102016|202703|-208|212|16492
05102016|202705|-288|284|16492
05102016|202707|-276|196|16576
05102016|202709|-96|272|16388
05102016|202711|-152|248|16416
05102016|202713|-244|132|16440
05102016|202715|-188|132|16428
05102016|202718|-212|204|16452
05102016|202720|-264|284|16428
05102016|202722|-172|260|16560
05102016|202724|-232|212|16456
05102016|202726|-152|300|16520
05102016|202728|-212|224|16452
05102016|202730|-188|244|16416
05102016|202732|-216|272|16512
05102016|202734|-196|204|16452
05102016|202736|-268|292|16392
05102016|202738|-288|212|16576
05102016|202740|-220|240|16552
05102016|202742|-216|200|16500
05102016|202744|-316|232|16492
05102016|202746|-196|272|16340
05102016|202748|-240|192|16536
05102016|202750|-236|280|16568
05102016|202752|-256|348|16396
05102016|202754|-220|328|16504
05102016|202756|-320|196|16324
05102016|202758|-256|312|16476
05102016|202807|-296|272|16428
05102016|202809|-240|256|16496
05102016|202811|-304|316|16304
05102016|202813|-272|288|16520
05102016|202815|-160|248|16472
05102016|202817|-124|216|16472
05102016|202819|-32|324|15332
05102016|202821|-264|176|16460
05102016|202823|-128|248|16604
05102016|202825|-240|188|16568
05102016|202827|-244|284|16428
05102016|202829|-180|156|16416
05102016|202831|-172|324|16452
05102016|202833|-148|336|16800
05102016|202835|-276|268|16488
05102016|202837|-208|180|16340
05102016|202839|-192|220|16396
05102016|202841|-212|236|16456
05102016|202843|-224|268|16584
05102016|202845|-288|236|16484
05102016|202847|-212|288|16584
05102016|202849|-148|192|16504
05102016|202851|-312|248|16444
05102016|202853|-172|256|16352
05102016|202855|-332|284|16476
05102016|202858|-240|300|16364
05102016|202900|-320|280|16516
05102016|202902|-252|372|16448
05102016|202904|-236|256|16508
05102016|202906|-184|216|16476
05102016|202908|-248|280|16464
05102016|202910|-184|192|16376
05102016|202912|-240|200|16428
05102016|202914|-248|300|16504
05102016|202916|-272|240|16472
05102016|202918|-216|240|16340
05102016|202920|-116|340|16428
05102016|202922|-224|312|16432
05102016|202924|-164|252|16448
05102016|202926|-200|192|16552
05102016|202928|-288|300|16560
05102016|202930|-220|256|16512
05102016|202932|-280|208|16596
05102016|202934|-248|152|16536
05102016|202936|-192|120|16496
05102016|202938|-132|260|16396
05102016|202940|-184|256|16548
05102016|202942|-180|324|16300
05102016|202944|-212|192|16664
05102016|202946|-232|316|16440
05102016|202948|-264|212|16372
05102016|202950|-196|228|16524
05102016|202953|-152|292|16508
05102016|202955|-152|248|16440
05102016|202957|-172|256|16508
05102016|202959|-188|192|16364
05102016|203001|-240|260|16340
05102016|203003|-68|336|16352
05102016|203005|-216|236|16364
05102016|203007|-320|260|16464
05102016|203009|-304|288|16436
05102016|203011|-168|296|16552
05102016|203013|-184|220|16444
05102016|203015|-332|176|16496
05102016|203017|-312|228|16312
05102016|203019|-156|128|16688
05102016|203021|-204|308|16396
05102016|203023|-308|304|16640
05102016|203025|-260|236|16424
05102016|203027|-240|292|16520
05102016|203029|-252|192|16448
05102016|203031|-236|160|16548
05102016|203033|-252|268|16420
05102016|203035|-276|240|16492
05102016|203037|-248|192|16464
05102016|203039|-184|256|16392
05102016|203041|-120|268|16496
05102016|203043|-240|292|16452
05102016|203045|-272|216|16340
05102016|203048|-188|236|16596
05102016|203050|-132|232|16544
05102016|203052|-248|252|16532
05102016|203054|-252|248|16556
05102016|203056|-192|204|16564
05102016|203058|-216|188|16388
05102016|203100|-180|184|16480
05102016|203102|-244|244|16372
05102016|203104|-220|252|16452
05102016|203106|-172|216|16392
05102016|203108|-316|228|16440
05102016|203110|-204|200|16580
05102016|203112|-212|248|16448
05102016|203114|-240|240|16508
05102016|203116|-284|236|16484
05102016|203118|-248|256|16416
05102016|203120|-200|276|16456
05102016|203122|-260|256|16380
05102016|203124|-264|172|16468
05102016|203126|-280|152|16488
05102016|203128|-300|208|16432
05102016|203130|-220|232|16540
05102016|203132|-308|224|16380
05102016|203134|-220|268|16508
05102016|203136|-152|228|16300
05102016|203138|-216|204|16460
05102016|203140|-128|272|16464
05102016|203143|-220|220|16428
05102016|203145|-296|272|16396
05102016|203147|-160|268|16412
05102016|203149|-208|308|16440
05102016|203151|-264|272|16352
05102016|203153|-300|208|16460
05102016|203155|-256|256|16532
05102016|203157|-272|296|16616
05102016|203159|-220|284|16304
05102016|203201|-196|136|16524
05102016|203904|-160|376|16516
05102016|203921|-188|240|16504
05102016|203928|-224|276|16604
05102016|204017|-272|224|16340
05102016|205139|-268|252|16372N
