13052017|143717|-508|240|16444N
13052017|143720|-540|232|16452N
13052017|143722|-528|172|16472N
13052017|143724|-428|212|16344N
13052017|143726|-468|196|16524N
13052017|143728|-540|216|16384N
13052017|143730|-512|344|16460N
13052017|143732|-392|192|16412N
13052017|143734|-500|280|16512N
13052017|143736|-652|296|16428N
13052017|143738|-488|264|16268N
13052017|143740|-576|204|16440N
13052017|143742|-516|236|16324N
13052017|143744|-492|316|16432N
13052017|143746|-528|312|16300N
13052017|143748|-500|320|16432N
13052017|143750|-524|220|16224N
13052017|143752|-616|200|16352N
13052017|143754|-552|208|16356N
13052017|143756|-488|252|16492N
13052017|143758|-504|336|16416N
13052017|143800|-564|288|16208N
13052017|143802|-524|376|16472N
13052017|143817|-516|256|16272N
13052017|143819|-572|172|16496N
13052017|143821|-472|324|16360N
13052017|143823|-544|320|16388N
13052017|143825|-436|300|16356N
13052017|143827|-540|244|16340N
13052017|143829|-436|240|16316N
13052017|143831|-580|264|16400N
13052017|143833|-532|208|16292N
13052017|143835|-520|356|16400N
13052017|143837|-516|336|16332N
13052017|143839|-624|368|16356N
13052017|143841|-484|348|16216N
13052017|143843|-484|208|16264N
13052017|143845|-548|264|16296N
13052017|143847|-580|220|16440N
13052017|143849|-464|248|16336N
13052017|143851|-552|376|16312N
13052017|143853|-564|400|16444N
13052017|143855|-456|228|16336N
13052017|143857|-472|196|16340N
13052017|143859|-436|308|16412N
13052017|143901|-532|300|16376N
13052017|143904|-444|372|16400N
13052017|143906|-496|264|16272N
13052017|143908|-428|248|16320N
13052017|143910|-524|268|16372N
13052017|143912|-496|284|16220N
13052017|143914|-508|236|16356N
13052017|143916|-484|244|16340N
13052017|143918|-580|336|16408N
13052017|143920|-480|284|16264N
13052017|143922|-572|296|16408N
13052017|143924|-572|396|16360N
13052017|143926|-584|268|16116N
13052017|143928|-612|176|16180N
13052017|143930|-628|304|16344N
13052017|143932|-560|280|16252N
13052017|143934|-500|288|16480N
13052017|143936|-528|344|16332N
13052017|143938|-476|220|16392N
13052017|143940|-544|128|16332N
13052017|143942|-496|268|16424N
13052017|143944|-592|320|16372N
13052017|143946|-552|276|16296N
13052017|143948|-568|280|16396N
13052017|143950|-508|224|16376N
13052017|143952|-556|220|16312N
13052017|143954|-540|356|16184N
13052017|143956|-476|228|16348N
13052017|143958|-436|352|16428N
13052017|144000|-464|200|16328N
13052017|144002|-404|316|16388N
13052017|144004|-584|192|16312N
13052017|144006|-484|208|16180N
13052017|144008|-504|216|16312N
13052017|144018|-488|248|16448N
13052017|144020|-696|276|16340N
13052017|144022|-532|276|16340N
13052017|144024|-672|260|16384N
13052017|144026|-556|284|16292N
13052017|144028|-524|248|16308N
13052017|144030|-404|200|16408N
13052017|144032|-600|280|16340N
13052017|144034|-572|300|16280N
13052017|144036|-600|280|16256N
13052017|144039|-516|300|16248N
13052017|144041|-468|244|16392N
13052017|144043|-548|248|16304N
13052017|144045|-564|320|16364N
13052017|144047|-480|252|16284N
13052017|144049|-516|260|16356N
13052017|144051|-532|248|16328N
13052017|144053|-548|232|16276N
13052017|144055|-556|236|16248N
13052017|144057|-480|236|16240N
13052017|144059|-568|328|16348N
13052017|144101|-508|408|16232N
13052017|144103|-560|212|16340N
13052017|144105|-480|224|16252N
13052017|144115|-460|236|16404N
13052017|144117|-520|248|16244N
13052017|144119|-472|200|16340N
13052017|144121|-548|244|16408N
13052017|144123|-508|232|16372N
13052017|144125|-536|324|16428N
13052017|144127|-576|252|16172N
13052017|144130|-408|180|16284N
13052017|144132|-564|308|16308N
13052017|144134|-508|324|16388N
13052017|144136|-576|320|16268N
13052017|144138|-552|320|16348N
13052017|144140|-508|304|16172N
13052017|144142|-616|288|16292N
13052017|144144|-600|300|16520N
13052017|144146|-592|244|16296N
13052017|144148|-508|276|16460N
13052017|144150|-516|388|16292N
13052017|144152|-492|360|16332N
13052017|144154|-548|324|16340N
13052017|144156|-372|312|16344N
13052017|144158|-484|228|16360N
13052017|144200|-552|188|16392N
13052017|144202|-436|284|16292N
13052017|144204|-532|352|16396N
13052017|144206|-536|344|16232N
13052017|144208|-620|200|16440N
13052017|144210|-492|212|16244N
13052017|144212|-572|300|16364N
13052017|144214|-588|244|16384N
13052017|144216|-604|296|16404N
13052017|144218|-560|336|16444N
13052017|144220|-444|284|16312N
13052017|144222|-556|284|16188N
13052017|144224|-676|232|16464N
13052017|144226|-500|316|16356N
13052017|144228|-500|224|16372N
13052017|144230|-468|248|16300N
13052017|144232|-472|180|16284N
13052017|144234|-528|128|16352N
13052017|144236|-476|292|16224N
13052017|144238|-488|252|16296N
13052017|144240|-440|252|16332N
13052017|144243|-468|216|16316N
13052017|133200|-584|260|16428N
13052017|133202|-632|272|16368N
13052017|133204|-508|152|16348N
13052017|133206|-472|292|16452N
13052017|133208|-488|144|16384N
13052017|133210|-520|240|16260N
13052017|133212|-548|300|16276N
13052017|133214|-564|224|16416N
13052017|133216|-584|236|16596N
13052017|133218|-552|272|16180N
13052017|133229|-724|276|16300N
13052017|133231|-588|208|16224N
13052017|133233|-568|212|16324N
13052017|133235|-632|328|16408N
13052017|133237|-584|228|16184N
13052017|133239|-500|248|16300N
13052017|133241|-444|364|16236N
13052017|133243|-408|308|16272N
13052017|133245|-664|244|16448N
13052017|133247|-516|180|16384N
13052017|133249|-536|436|16272N
13052017|133251|-508|276|16248N
13052017|133253|-572|312|16232N
13052017|133255|-468|280|16568N
13052017|133257|-528|284|16436N
13052017|133259|-588|260|16364N
13052017|133301|-556|332|16364N
13052017|133303|-512|308|16320N
13052017|133305|-516|220|16432N
13052017|133307|-572|248|16308N
13052017|133309|-488|336|16392N
13052017|133311|-592|260|16464N
13052017|133313|-504|252|16456N
13052017|133315|-440|328|16396N
13052017|133317|-404|292|16316N
13052017|133319|-556|320|16400N
13052017|133321|-544|280|16400N
13052017|133323|-476|208|16388N
13052017|133325|-588|216|16216N
13052017|133328|-568|196|16432N
13052017|133330|-560|308|16308N
13052017|133332|-600|344|16376N
13052017|133334|-572|208|16328N
13052017|133336|-616|280|16380N
13052017|133338|-548|312|16380N
13052017|133340|-572|292|16316N
13052017|133342|-452|256|16360N
13052017|133344|-576|252|16300N
13052017|133346|-516|304|16188N
13052017|133348|-464|276|16232N
13052017|133350|-540|364|16492N
13052017|133352|-564|352|16440N
13052017|133354|-560|316|16384N
13052017|133356|-496|172|16384N
13052017|133358|-596|332|16532N
13052017|133400|-476|220|16300N
13052017|133402|-480|304|16504N
13052017|133404|-380|280|16300N
13052017|133406|-448|344|16392N
13052017|133408|-620|240|16440N
13052017|133410|-544|116|16364N
13052017|133412|-492|280|16500N
13052017|133414|-548|312|16448N
13052017|133416|-496|296|16340N
13052017|133418|-2068|2868|13060N
13052017|133420|652|12000|11868N
13052017|133422|5956|11208|5140N
13052017|133424|1500|13672|2976N
13052017|133426|288|15772|4716N
13052017|133428|1592|15288|4824N
13052017|133430|76|16120|3420N
13052017|133432|-3920|19532|-7600N
13052017|133434|2064|1476|15632N
13052017|133437|3008|14384|7076N
13052017|133439|-1276|12772|8212N
13052017|133441|-128|13428|9480N
13052017|133443|-960|12184|10992N
13052017|133445|6436|15356|5028N
13052017|133447|972|16356|3984N
13052017|133449|1376|15164|7252N
13052017|133451|-1456|15396|6176N
13052017|133453|2692|15260|6004N
13052017|133455|9516|10612|11896N
13052017|133457|-460|616|16500N
13052017|133459|-440|700|16336N
13052017|133501|-288|604|16408N
13052017|133503|-428|704|16300N
13052017|133505|-496|636|16360N
13052017|133507|-452|572|16344N
13052017|133509|-444|608|16348N
13052017|133511|-412|680|16340N
13052017|133650|-848|15168|1944N
13052017|133652|340|16228|-1088N
13052017|133654|460|16188|1228N
13052017|133656|236|16340|560N
13052017|133658|560|16316|828N
13052017|133700|460|16340|532N
13052017|133702|396|16420|556N
13052017|133704|464|16332|632N
13052017|133706|340|16304|612N
13052017|133708|408|16432|716N
13052017|133710|484|16312|752N
13052017|133712|408|16380|608N
13052017|133714|376|16368|764N
13052017|133716|392|16332|648N
13052017|133718|436|16300|668N
13052017|133720|440|16392|696N
13052017|133722|372|16452|564N
13052017|133724|408|16396|712N
13052017|133726|336|16372|528N
13052017|133728|296|16380|480N
13052017|133730|140|16292|568N
13052017|133732|168|16460|412N
13052017|133734|284|16480|424N
13052017|133736|168|16372|412N
13052017|133739|104|16468|444N
13052017|133741|184|16448|264N
13052017|133743|164|16472|256N
13052017|133745|80|16320|364N
13052017|133747|184|16396|472N
13052017|133749|120|16352|420N
13052017|133751|216|16452|456N
13052017|133753|164|16464|388N
13052017|133755|204|16320|404N
13052017|133757|260|16332|300N
13052017|133759|204|16344|344N
13052017|133801|244|16396|376N
13052017|133803|136|16348|424N
13052017|133805|156|16496|328N
13052017|133807|252|16380|256N
13052017|133809|200|16356|372N
13052017|133811|160|16420|256N
13052017|133813|136|16384|152N
13052017|133815|104|16392|320N
13052017|133817|212|16412|440N
13052017|133819|208|16456|384N
13052017|133821|216|16308|320N
13052017|133823|168|16392|416N
13052017|133825|72|16456|532N
13052017|133827|120|16368|548N
13052017|133829|156|16344|384N
13052017|133831|224|16368|352N
13052017|133833|156|16396|232N
13052017|133835|144|16384|420N
13052017|133837|260|16428|436N
13052017|133839|240|16440|312N
13052017|133841|168|16380|372N
13052017|133843|212|16412|528N
13052017|133846|240|16428|408N
13052017|133848|156|16468|172N
13052017|133850|196|16444|400N
13052017|133852|12|16424|412N
13052017|133854|168|16292|392N
13052017|133856|284|16412|484N
13052017|133858|176|16500|404N
13052017|133900|204|16328|180N
13052017|133902|140|16420|388N
13052017|133904|220|16472|436N
13052017|133906|356|16428|360N
13052017|133908|308|16404|372N
13052017|133910|184|16352|340N
13052017|133912|80|16508|400N
13052017|133914|84|16360|392N
13052017|133918|128|16364|300N
13052017|133920|120|16320|380N
13052017|133922|252|16372|368N
13052017|133924|284|16356|460N
13052017|133926|220|16312|264N
13052017|133928|224|16400|416N
13052017|133930|236|16240|332N
13052017|133932|120|16320|436N
13052017|133934|228|16444|352N
13052017|133936|204|16372|260N
13052017|133938|248|16516|532N
13052017|133940|168|16368|404N
13052017|133942|180|16360|280N
13052017|133944|216|16460|460N
13052017|133946|248|16372|308N
13052017|133948|140|16460|336N
13052017|133950|188|16384|244N
13052017|133952|180|16464|340N
13052017|133954|152|16332|364N
13052017|133956|84|16416|336N
13052017|133958|236|16348|388N
13052017|134000|52|16448|396N
13052017|134002|112|16380|404N
13052017|134004|172|16352|352N
13052017|134006|184|16228|352N
13052017|134008|108|16360|500N
13052017|134010|108|16404|368N
13052017|134012|236|16408|392N
13052017|134014|152|16400|432N
13052017|134016|40|16372|324N
13052017|134018|192|16416|408N
13052017|134020|148|16384|320N
13052017|134022|100|16424|380N
13052017|134025|196|16360|432N
13052017|134027|224|16400|364N
13052017|134029|164|16512|376N
13052017|134031|260|16460|308N
13052017|134033|272|16396|428N
13052017|134035|204|16500|244N
13052017|134037|192|16388|460N
13052017|134039|168|16372|392N
13052017|134041|292|16288|240N
13052017|134043|264|16412|520N
13052017|134045|176|16364|396N
13052017|134047|204|16424|384N
13052017|134049|180|16456|384N
13052017|134051|168|16372|312N
13052017|134053|184|16380|528N
13052017|134055|144|16504|440N
13052017|134057|64|16340|408N
13052017|134059|136|16380|444N
13052017|134101|200|16412|392N
13052017|134103|188|16384|356N
13052017|134105|176|16356|336N
13052017|134107|92|16380|440N
13052017|134109|15472|4704|2080N
13052017|134111|16444|-24|544N
13052017|134113|16500|-68|404N
13052017|134115|16452|-148|568N
13052017|134117|16460|-164|384N
13052017|134119|16472|-120|412N
13052017|134121|16460|-56|616N
13052017|134123|16560|-116|440N
13052017|134125|16512|-24|460N
13052017|134127|16524|60|400N
13052017|134129|16376|-48|424N
13052017|134131|16456|-172|380N
13052017|134133|16452|-128|444N
13052017|134135|16480|-108|440N
13052017|134137|16432|-128|476N
13052017|134140|16412|-52|396N
13052017|134142|16500|-72|456N
13052017|134144|16404|-32|564N
13052017|134146|16540|-228|416N
13052017|134148|16496|-128|452N
13052017|134150|16400|-108|508N
13052017|134152|16376|-8|584N
13052017|134154|16444|-232|280N
13052017|134156|16392|-72|648N
13052017|134158|16380|-64|532N
13052017|134200|16484|-80|308N
13052017|134202|16444|-52|344N
13052017|134204|16412|-208|576N
13052017|134206|16540|-104|340N
13052017|134208|16320|-220|420N
13052017|134210|16468|-152|516N
13052017|134212|16528|-120|484N
13052017|134214|16492|-104|444N
13052017|134216|16460|-200|496N
13052017|134218|16428|-92|536N
13052017|134220|16444|-164|460N
13052017|134222|16556|-140|460N
13052017|134224|16424|-144|596N
13052017|134226|16444|-60|564N
13052017|134228|16468|-12|292N
13052017|134230|16452|-68|380N
13052017|134232|16456|-132|456N
13052017|134234|16488|24|480N
13052017|134236|16500|-68|548N
13052017|134238|16492|-120|392N
13052017|134240|16524|-176|484N
13052017|134242|16444|-48|480N
13052017|134244|16508|-104|364N
13052017|134246|16404|-28|520N
13052017|134248|16452|-120|480N
13052017|134251|16484|-144|476N
13052017|134253|16440|-160|384N
13052017|134255|16428|-80|444N
13052017|134257|16480|-24|488N
13052017|134259|16500|-120|532N
13052017|134301|16484|-68|624N
13052017|134303|16432|-140|576N
13052017|134305|16460|-48|524N
13052017|134307|16436|16|476N
13052017|134309|16508|-96|480N
13052017|134311|13100|10660|-296N
13052017|134313|-15296|4836|1328N
13052017|134315|-15348|220|-5672N
13052017|134317|-16580|68|-880N
13052017|134319|-16420|36|-720N
13052017|134321|-16456|64|-672N
13052017|134323|-16512|88|-872N
13052017|134325|-16432|-44|-616N
13052017|134327|-16372|-4|-496N
13052017|134329|-16512|-68|-612N
13052017|134331|-16396|64|-560N
13052017|134333|-16464|128|-740N
13052017|134335|-16496|64|-744N
13052017|134337|-16468|24|-764N
13052017|134339|-16500|16|-616N
13052017|134341|-16452|4|-548N
13052017|134343|-16496|44|-752N
13052017|134345|-16464|52|-648N
13052017|134347|-16384|12|-364N
13052017|134349|-16472|36|-720N
13052017|134351|-16444|84|-608N
13052017|134353|-16456|-104|-632N
13052017|134355|-16492|20|-712N
13052017|134357|-16472|60|-628N
13052017|134359|-16444|40|-564N
13052017|134401|-16452|112|-604N
13052017|134404|-16404|-56|-628N
13052017|134406|-16416|124|-664N
13052017|134408|-16412|28|-700N
13052017|134410|-16404|20|-780N
13052017|134412|-16292|68|-616N
13052017|134414|-16488|48|-592N
13052017|134416|-16416|32|-600N
13052017|134418|-16452|60|-588N
13052017|134420|-16496|-16|-512N
13052017|134422|-16536|108|-516N
13052017|134424|-16472|164|-732N
13052017|134426|-16428|80|-696N
13052017|134428|-16432|76|-564N
13052017|134430|-16372|24|-816N
13052017|134432|-16272|124|-556N
13052017|134434|-16376|12|-60N
13052017|134436|-16544|172|-600N
13052017|134438|-16240|-128|-100N
13052017|134440|-16540|68|-500N
13052017|134442|-15836|156|-788N
13052017|134444|-16300|184|712N
13052017|134446|-16548|44|-420N
13052017|134448|-16484|204|-8N
13052017|134450|-16452|64|-64N
13052017|134452|-16268|20|128N
13052017|134454|-16448|72|-508N
13052017|134456|-16448|112|-240N
13052017|134458|-16468|72|-96N
13052017|134500|-16512|0|-160N
13052017|134502|-16452|132|-20N
13052017|134504|-16500|28|-52N
13052017|134506|-16516|188|-76N
13052017|134508|-16432|28|-32N
13052017|134510|-16428|56|-44N
13052017|134512|-16516|-36|-108N
13052017|134514|-16460|-40|-16N
13052017|134517|-16256|84|640N
13052017|134519|-16456|64|-284N
13052017|134521|-16508|72|-420N
13052017|134523|-16460|72|-500N
13052017|134525|-16480|64|-408N
13052017|134527|-16380|-36|-196N
13052017|134529|-16404|52|-232N
13052017|134531|-16576|400|-404N
13052017|134533|-16420|-180|-3236N
13052017|134535|-17116|1056|-1428N
13052017|134537|-16436|-344|-352N
13052017|134539|-16476|-284|-332N
13052017|134541|-16516|-396|-292N
13052017|134543|-16500|-340|-360N
13052017|134545|-16456|-448|-312N
13052017|134547|-16504|636|56N
13052017|134549|-16500|-340|-440N
13052017|134551|-16500|-212|-280N
13052017|134553|-16520|-232|-476N
13052017|134555|-16364|-240|-544N
13052017|134557|-16440|-372|-476N
13052017|134559|-16456|-340|-444N
13052017|134601|-16504|-352|-448N
13052017|134603|-16420|-256|-1176N
13052017|134605|-16408|-148|-1452N
13052017|134607|-16460|-188|-484N
13052017|134609|-16316|136|-536N
13052017|134611|-16440|48|-424N
13052017|134613|-16424|-212|-484N
13052017|134615|-14412|7688|-380N
13052017|134617|-5108|15380|-648N
13052017|134619|-700|16484|16N
13052017|134621|464|16152|-912N
13052017|134623|-124|16536|440N
13052017|134626|-172|16452|120N
13052017|134628|-236|16348|368N
13052017|134630|-184|16464|260N
13052017|134632|-136|16488|404N
13052017|134634|9256|13448|364N
13052017|134636|11560|11656|280N
13052017|134638|11740|11528|1488N
13052017|134640|11820|11520|1408N
13052017|134642|12012|11228|1564N
13052017|134644|14076|8360|1356N
13052017|134646|14648|7240|1736N
13052017|134648|14596|7404|1576N
13052017|134650|14892|6276|1804N
13052017|134652|15624|5424|496N
13052017|134654|15516|5900|1916N
13052017|134656|15212|5812|2436N
13052017|134658|15288|5764|2252N
13052017|134700|15176|5696|2592N
13052017|134702|15188|5736|2376N
13052017|134704|15240|5784|2456N
13052017|134706|15184|5800|2572N
13052017|134708|15304|5732|2496N
13052017|134710|15284|5740|2292N
13052017|134712|15208|5736|2404N
13052017|134714|15324|5776|2436N
13052017|134716|15288|5760|2512N
13052017|134718|15268|5732|2432N
13052017|134720|15312|5700|2468N
13052017|134722|15268|5552|2396N
13052017|134724|15312|5644|2260N
13052017|134726|15228|5704|2640N
13052017|134728|15176|5688|2576N
13052017|134730|15200|5732|2496N
13052017|134732|15260|5740|2476N
13052017|134734|15336|5700|2416N
13052017|134737|15292|5616|2464N
13052017|134739|15220|5756|2616N
13052017|134741|15244|5760|2428N
13052017|134743|15212|5676|2556N
13052017|134745|15284|5656|2524N
13052017|134747|15260|5704|2632N
13052017|134749|15252|5716|2492N
13052017|134751|15288|5712|2388N
13052017|134753|15260|5624|2504N
13052017|134755|15260|5780|2588N
13052017|134757|15260|5748|2564N
13052017|134759|15264|5692|2592N
13052017|134801|15240|5724|2704N
13052017|134803|15208|5600|2460N
13052017|134805|15300|5724|2512N
13052017|134807|15304|5816|2588N
13052017|134809|15316|5672|2492N
13052017|134811|15340|5596|2568N
13052017|134813|15228|5608|2524N
13052017|134815|15244|5736|2392N
13052017|134817|15276|5824|2452N
13052017|134819|15316|5812|2516N
13052017|134821|15232|5656|2588N
13052017|134823|17116|6752|1172N
13052017|134825|15340|7448|1468N
13052017|134827|15704|4976|272N
13052017|134829|15536|5504|532N
13052017|134831|15724|5024|636N
13052017|134833|15752|4924|616N
13052017|134835|15696|4900|528N
13052017|134837|15720|4924|652N
13052017|134839|15684|5016|676N
13052017|134841|15688|5016|720N
13052017|134843|15664|4928|540N
13052017|134845|15600|4888|672N
13052017|134847|15600|4928|656N
13052017|134850|15680|4936|584N
13052017|134852|15656|4940|696N
13052017|134854|15728|4840|784N
13052017|134856|15784|4968|680N
13052017|134858|15612|6320|240N
13052017|134900|14844|8352|-128N
13052017|134902|15008|6964|796N
13052017|134904|13784|8924|1264N
13052017|134906|14304|8168|1604N
13052017|134908|14268|8088|1488N
13052017|134910|14312|8060|1652N
13052017|134912|14160|8016|1596N
13052017|134914|14268|8120|1664N
13052017|134916|-608|15328|1636N
13052017|134918|-15464|6336|-520N
13052017|134920|-15228|6208|-72N
13052017|134922|-15232|6220|-100N
13052017|134924|-15196|6232|52N
13052017|134926|-15304|6164|76N
13052017|134928|-15268|6268|-12N
13052017|134930|-15236|6112|-20N
13052017|134932|-15248|6180|-100N
13052017|134934|-15248|6232|-12N
13052017|134936|-15260|6188|-20N
13052017|134938|-15288|6236|76N
13052017|134940|-15264|6240|-104N
13052017|134942|-15276|6328|-36N
13052017|134944|-15368|6168|28N
13052017|134946|-15284|6136|-4N
13052017|134948|-15212|6068|4N
13052017|134950|-15192|6120|-20N
13052017|134952|-15224|6008|-184N
13052017|134954|-15232|6088|28N
13052017|134956|-15324|6144|0N
13052017|134958|-15268|6176|-100N
13052017|135001|-15308|6068|-72N
13052017|135003|-15196|6136|4N
13052017|135005|-15272|6088|28N
13052017|135007|-15240|6104|8N
13052017|135009|-15272|6120|-16N
13052017|135011|-15200|6208|-108N
13052017|135013|-15264|6184|-52N
13052017|135015|-15276|6260|28N
13052017|135017|-15180|6200|-64N
13052017|135019|-15184|6200|-68N
13052017|135021|-15296|6136|-80N
13052017|135023|-15232|6152|-44N
13052017|135025|-15300|6120|-48N
13052017|135027|-15280|6208|-128N
13052017|135029|-15300|6124|0N
13052017|135031|-15160|6088|-80N
13052017|135033|-15324|6196|28N
13052017|135035|-15212|6228|-12N
13052017|135037|-15224|6220|-196N
13052017|135039|-15160|6228|8N
13052017|135041|-15268|6156|-24N
13052017|135043|-15212|6172|-44N
13052017|135045|-15200|6228|-140N
13052017|135047|-15256|6252|16N
13052017|135049|-15240|6112|-100N
13052017|135051|-15272|6132|-104N
13052017|135053|-15248|6220|-12N
13052017|135055|-15304|6144|0N
13052017|135057|-15212|6232|56N
13052017|135059|-15192|6128|-48N
13052017|135101|-15312|6172|48N
13052017|135103|-15308|6120|84N
13052017|135105|-15260|6184|-68N
13052017|135107|-15216|6108|-120N
13052017|135109|-15128|6176|-12N
13052017|135111|-15300|6176|-64N
13052017|135114|-15240|6200|-156N
13052017|135116|-15264|6084|84N
13052017|135118|-15216|6184|72N
13052017|135120|-15248|6156|-4N
13052017|135122|-15264|6184|60N
13052017|135124|-15304|6180|-4N
13052017|135126|-15320|6172|-56N
13052017|135128|-15232|6172|-84N
13052017|135130|-15208|6252|-16N
13052017|135132|-15280|6144|-12N
13052017|135134|-15280|6228|24N
13052017|135136|-15224|6220|-60N
13052017|135138|-15280|6244|-188N
13052017|135140|-15300|6296|12N
13052017|135142|-15196|6204|-116N
13052017|135144|-15192|6196|96N
13052017|135146|-15352|6264|-16N
13052017|135148|-15208|6188|-156N
13052017|135150|-15280|6140|-32N
13052017|135152|-15340|6208|-40N
13052017|135154|-15312|6200|-16N
13052017|135156|-15264|6296|-44N
13052017|135158|-15284|6152|-80N
13052017|135200|-15180|6280|8N
13052017|135202|-15272|6204|-40N
13052017|135204|-15232|6204|-160N
13052017|135206|-15168|6148|-12N
13052017|135208|-15208|6096|-40N
13052017|135210|-15300|6220|-52N
13052017|135212|-15200|6164|44N
13052017|135214|-15324|6104|-4N
13052017|135216|-15276|6112|-84N
13052017|135218|-15256|6088|-56N
13052017|135220|-15220|6140|-24N
13052017|135222|-15264|6220|28N
13052017|135225|-15344|6128|28N
13052017|135227|-15252|6244|236N
13052017|135229|-15168|6220|-128N
13052017|135231|-15240|6112|-24N
13052017|135233|-15260|6284|-40N
13052017|135235|-15224|6220|-36N
13052017|135237|-15276|6192|12N
13052017|135239|-15316|6160|28N
13052017|135241|-15280|6120|-112N
13052017|135243|-15256|6024|-88N
13052017|135245|-15176|6156|112N
13052017|135247|-15224|6164|-28N
13052017|135249|-15252|6116|-20N
13052017|135251|-15268|6220|-20N
13052017|135253|-15272|6188|-100N
13052017|135255|-15280|6192|-84N
13052017|135257|-15240|6240|112N
13052017|135259|-15232|6172|-24N
13052017|135301|-15216|6244|-8N
13052017|135303|-15176|6196|-20N
13052017|135305|-15144|6132|-28N
13052017|135307|-15216|6264|-68N
13052017|135309|-15160|6108|8N
13052017|135311|-15240|6188|-40N
13052017|135313|-15268|6160|-96N
13052017|135315|-15160|6292|60N
13052017|135317|-15228|6240|4N
13052017|135319|-15268|6124|76N
13052017|135321|-15248|6144|-52N
13052017|135323|-15296|6128|-8N
13052017|135325|-15272|6096|-28N
13052017|135327|-15280|6232|-44N
13052017|135329|-15232|6184|-176N
13052017|135331|-15240|6236|-96N
13052017|135333|-15176|6188|-100N
13052017|135335|-15272|6212|-32N
13052017|135337|-15280|6208|-68N
13052017|135340|-15292|6220|-72N
13052017|135342|-15272|6220|-144N
13052017|135344|-15296|6140|-88N
13052017|135346|-15200|6164|-92N
13052017|135348|-15256|6100|-112N
13052017|135350|-15280|6184|-92N
13052017|135352|-15252|6204|76N
13052017|135354|-15264|6264|-84N
13052017|135356|-15192|6196|4N
13052017|135358|-15212|6308|-136N
13052017|135400|-15344|6124|-92N
13052017|135402|-15152|6152|108N
13052017|135404|-15160|6120|-72N
13052017|135406|-15292|6156|-80N
13052017|135408|-15280|6276|-4N
13052017|135410|-15228|6284|-8N
13052017|135412|-15156|6136|-216N
13052017|135414|-15304|6152|-64N
13052017|135416|-15296|6156|-112N
13052017|135418|-15276|6212|-152N
13052017|135420|-15220|6156|-24N
13052017|135422|-15200|6136|64N
13052017|135424|-15236|6112|-28N
13052017|135426|-15264|6164|36N
13052017|135428|-15220|6164|-48N
13052017|135430|-15276|6212|-16N
13052017|135432|-15288|6144|-224N
13052017|135434|-15232|6144|-32N
13052017|135436|-15160|6148|-20N
13052017|135438|-15300|6200|-52N
13052017|135440|-15180|6156|-92N
13052017|135442|-15296|6160|-56N
13052017|135444|-15216|6220|252N
13052017|135447|-15328|6312|-56N
13052017|135449|-15232|6260|48N
13052017|135451|-15292|6232|-68N
13052017|135453|-15188|6112|-88N
13052017|135455|-15276|6252|-100N
13052017|135457|-15216|6192|-24N
13052017|135459|-15200|6156|-24N
13052017|135501|-15240|6152|156N
13052017|135503|-15224|6184|152N
13052017|135505|-15224|6104|-68N
13052017|135507|-15292|6188|40N
13052017|135509|-15216|6128|-92N
13052017|135511|-15260|6128|80N
13052017|135513|-15212|6240|0N
13052017|135515|-15276|6148|-20N
13052017|135517|-15196|6204|68N
13052017|135519|-15232|6084|16N
13052017|135521|-15252|6204|-84N
13052017|135523|-15312|6184|24N
13052017|135525|-15232|6100|-28N
13052017|135527|-15288|6192|-156N
13052017|135529|-15164|6192|-128N
13052017|135531|-15200|6084|-8N
13052017|135533|-15244|6188|-108N
13052017|135535|-15252|6136|48N
13052017|135537|-15204|6144|-64N
13052017|135539|-15288|6272|-64N
13052017|135541|-3120|9232|10916N
13052017|135543|-264|524|16560N
13052017|135545|-340|692|16684N
13052017|135547|-444|504|16384N
13052017|135549|-300|512|16476N
13052017|135551|-11924|-2928|1092N
13052017|135553|-15468|-4744|1888N
13052017|135555|-15872|-3616|-456N
13052017|135558|-15852|-4116|520N
13052017|135600|-3008|908|15568N
13052017|135602|-340|484|16528N
13052017|135604|-388|400|16504N
13052017|135606|-320|468|16616N
13052017|135608|-268|420|16500N
13052017|135610|-364|472|16548N
13052017|135612|-472|432|16488N
13052017|135614|-368|444|16644N
13052017|135616|-392|360|16484N
13052017|135618|-436|536|16492N
13052017|135620|-312|476|16548N
13052017|135622|-260|556|16644N
13052017|135624|-316|388|16616N
13052017|135626|-240|416|16616N
13052017|135628|-232|364|16444N
13052017|135630|-284|460|16560N
13052017|135632|-284|428|16400N
13052017|135634|-296|412|16536N
13052017|135636|-304|600|16492N
13052017|135638|-388|396|16524N
13052017|135640|-372|440|16524N
13052017|135642|-436|460|16536N
13052017|135644|-388|392|16456N
13052017|135646|-348|412|16468N
13052017|135648|-304|412|16440N
13052017|135650|-340|408|16412N
13052017|135652|-336|472|16432N
13052017|135654|-348|488|16492N
13052017|135656|-268|536|16556N
13052017|135658|-440|500|16472N
13052017|135700|-240|416|16628N
13052017|135702|-264|432|16572N
13052017|135704|-260|376|16440N
13052017|135706|-224|416|16608N
13052017|135708|-408|452|16684N
13052017|135710|-336|428|16640N
13052017|135713|-436|532|16676N
13052017|135715|-300|460|16440N
13052017|135717|-392|456|16520N
13052017|135719|-292|428|16492N
13052017|135721|-428|432|16580N
13052017|135723|-316|532|16516N
13052017|135725|-264|496|16624N
13052017|135727|-356|452|16636N
13052017|135729|-284|436|16636N
13052017|135731|-264|436|16596N
13052017|135733|-436|536|16576N
13052017|135735|-284|568|16588N
13052017|135737|-296|492|16524N
13052017|135739|-260|508|16516N
13052017|135741|-356|428|16436N
13052017|135743|-292|444|16484N
13052017|135745|-288|532|16460N
13052017|135747|-320|532|16520N
13052017|135749|-380|416|16316N
13052017|135751|-348|444|16416N
13052017|135753|-312|464|16528N
13052017|135755|-304|412|16492N
13052017|135757|-432|424|16552N
13052017|135759|-340|484|16488N
13052017|135801|-232|452|16544N
13052017|135803|-344|388|16472N
13052017|135805|-388|476|16452N
13052017|135807|-388|436|16588N
13052017|135809|-352|452|16472N
13052017|135811|-360|484|16392N
13052017|135813|-348|380|16536N
13052017|135815|-280|440|16436N
13052017|135817|-292|452|16568N
13052017|135819|-296|476|16668N
13052017|135822|-368|384|16696N
13052017|135824|-276|460|16592N
13052017|135826|-308|492|16464N
13052017|135828|-376|488|16572N
13052017|135830|-304|364|16552N
13052017|135832|-292|352|16516N
13052017|135834|-328|496|16432N
13052017|135836|-340|528|16592N
13052017|135838|-328|568|16576N
13052017|135840|-340|516|16592N
13052017|135842|-252|480|16512N
13052017|135844|-300|464|16464N
13052017|135846|-368|456|16452N
13052017|135848|-300|476|16604N
13052017|135850|-316|412|16552N
13052017|135852|-304|500|16560N
13052017|135854|-296|464|16572N
13052017|135856|-352|428|16492N
13052017|135858|-324|360|16544N
13052017|135900|-368|512|16680N
13052017|135902|-416|416|16728N
13052017|135904|-320|508|16532N
13052017|135906|-416|488|16512N
13052017|135908|-492|296|16568N
13052017|135910|-428|324|16472N
13052017|135912|-276|496|16588N
13052017|135914|-272|420|16584N
13052017|135916|-316|452|16508N
13052017|135918|-324|492|16648N
13052017|135920|-352|404|16500N
13052017|135922|-272|488|16476N
13052017|135924|-440|464|16456N
13052017|135926|-304|380|16492N
13052017|135928|-372|520|16612N
13052017|135930|-344|468|16604N
13052017|135932|-280|436|16452N
13052017|135935|-316|424|16616N
13052017|135937|-316|376|16592N
13052017|135939|-336|412|16504N
13052017|135941|-284|476|16532N
13052017|135943|-304|480|16440N
13052017|135945|-388|452|16704N
13052017|135947|-312|412|16588N
13052017|135949|-376|436|16528N
13052017|135951|-288|412|16500N
13052017|135953|-336|564|16604N
13052017|135955|-332|480|16520N
13052017|135957|-396|496|16520N
13052017|135959|-344|388|16480N
13052017|140001|-344|408|16672N
13052017|140003|-264|460|16580N
13052017|140005|-432|424|16684N
13052017|140007|-324|388|16564N
13052017|140009|-328|452|16524N
13052017|140011|-356|368|16400N
13052017|140013|-376|468|16460N
13052017|140015|-340|380|16556N
13052017|140017|-364|472|16592N
13052017|140019|-360|440|16560N
13052017|140021|-384|476|16568N
13052017|140023|-372|456|16628N
13052017|140025|-308|480|16536N
13052017|140027|-276|404|16604N
13052017|140029|-432|296|16444N
13052017|140031|-420|500|16472N
13052017|140033|-356|476|16472N
13052017|140035|-280|508|16616N
13052017|140037|-368|404|16500N
13052017|140039|-368|540|16604N
13052017|140041|-308|508|16520N
13052017|140043|-316|388|16572N
13052017|140045|-308|440|16500N
13052017|140048|-300|524|16632N
13052017|140050|-300|520|16628N
13052017|140052|-240|344|16568N
13052017|140054|-452|480|16456N
13052017|140056|-444|460|16560N
13052017|140058|-408|432|16556N
13052017|140100|-304|460|16492N
13052017|140102|-380|440|16632N
13052017|140104|-208|452|16672N
13052017|140106|-332|524|16520N
13052017|140108|-404|492|16576N
13052017|140110|-320|512|16504N
13052017|140112|-336|520|16548N
13052017|140114|-448|308|16404N
13052017|140116|-384|412|16368N
13052017|140118|-380|532|16468N
13052017|140120|-364|288|16408N
13052017|140122|-448|496|16360N
13052017|140124|-476|520|16440N
13052017|140126|-336|440|16480N
13052017|140128|-332|512|16500N
13052017|140130|-348|540|16512N
13052017|140132|-820|-96|15972N
13052017|140134|-180|460|16476N
13052017|140136|-388|484|16488N
13052017|140138|-308|460|16452N
13052017|140140|-284|460|16532N
13052017|140142|-332|520|16444N
13052017|140144|-316|480|16584N
13052017|140146|-264|500|16548N
13052017|140148|-340|620|16456N
13052017|140150|-276|492|16628N
13052017|140152|-348|520|16456N
13052017|140154|-432|420|16584N
13052017|140157|-368|528|16564N
13052017|140159|-384|492|16508N
13052017|140201|-276|508|16504N
13052017|140203|-240|428|16572N
13052017|140205|-340|496|16520N
13052017|140207|-224|352|16528N
13052017|140209|-356|432|16496N
13052017|140211|-1548|1516|16256N
13052017|140213|-352|452|16612N
13052017|140215|-340|464|16560N
13052017|140217|-340|464|16536N
13052017|140219|-320|424|16452N
13052017|140221|-348|472|16688N
13052017|140223|-344|472|16520N
13052017|140225|-348|444|16592N
13052017|140227|-220|476|16488N
13052017|140229|-236|548|16536N
13052017|140231|-348|400|16520N
13052017|140233|-368|432|16596N
13052017|140235|-400|428|16520N
13052017|140237|-300|412|16668N
13052017|140239|-232|520|16684N
13052017|140241|-372|572|16432N
13052017|140243|-340|340|16516N
13052017|140245|-212|412|16392N
13052017|140247|-224|432|16588N
13052017|140249|-360|636|16588N
13052017|140251|-324|504|16420N
13052017|140253|-352|360|16500N
13052017|140255|-324|472|16556N
13052017|140257|-288|504|16504N
13052017|140259|-316|536|16680N
13052017|140302|-188|468|16456N
13052017|140304|-412|580|16496N
13052017|140306|-340|460|16512N
13052017|140308|-356|496|16408N
13052017|140310|-300|472|16528N
13052017|140312|-584|140|16076N
13052017|140314|-324|472|16448N
13052017|140316|-180|668|15220N
13052017|140318|-332|476|16468N
13052017|140320|-332|520|16552N
13052017|140322|-348|464|16492N
13052017|140324|-396|436|16608N
13052017|140326|-348|452|16572N
13052017|140328|-364|400|16604N
13052017|140330|-380|512|16500N
13052017|140332|-264|496|16468N
13052017|140334|-284|484|16496N
13052017|140336|-300|500|16424N
13052017|140338|916|-1000|16100N
13052017|140340|-324|376|16588N
13052017|140342|-352|480|16504N
13052017|140344|-396|472|16480N
13052017|140346|-276|620|16504N
13052017|140348|-324|432|16624N
13052017|140350|-248|316|16508N
13052017|140352|-252|392|16588N
13052017|140354|-364|412|16388N
13052017|140356|-324|428|16480N
13052017|140358|-308|508|16428N
13052017|140400|-300|604|16596N
13052017|140402|-316|340|16424N
13052017|140404|-184|412|16440N
13052017|140406|-416|516|16584N
13052017|140409|-360|484|16496N
13052017|140411|-216|616|16372N
13052017|140413|-232|524|16520N
13052017|140415|-412|464|16404N
13052017|140417|-492|408|16472N
13052017|140419|-452|388|16420N
13052017|140421|-400|456|16432N
13052017|140423|-716|408|16276N
13052017|140425|-80|528|16480N
13052017|140427|-328|520|16628N
13052017|140429|-216|484|16612N
13052017|140431|-296|576|16360N
13052017|140433|-424|340|16456N
13052017|140435|-356|368|16432N
13052017|140437|-508|464|16624N
13052017|140439|-296|416|16556N
13052017|140441|-308|452|16468N
13052017|140443|-284|544|16432N
13052017|140445|-364|548|16412N
13052017|140447|-352|504|16400N
13052017|140449|-360|480|16544N
13052017|140451|-300|472|16464N
13052017|140453|-240|464|16600N
13052017|140455|-340|504|16488N
13052017|140457|-296|568|16616N
13052017|140459|-296|464|16620N
13052017|140501|-284|488|16608N
13052017|140503|-408|404|16524N
13052017|140505|-232|564|16384N
13052017|140507|-360|476|16488N
13052017|140509|-308|544|16476N
13052017|140511|-340|336|16588N
13052017|140514|-288|464|16668N
13052017|140516|-336|468|16436N
13052017|140518|-320|500|16404N
13052017|140520|-316|480|16520N
13052017|140522|-248|444|16476N
13052017|140524|-332|416|16356N
13052017|140526|-336|468|16720N
13052017|140528|-356|292|16616N
13052017|140530|-304|488|16528N
13052017|140532|-352|524|16516N
13052017|140534|-364|472|16536N
13052017|140536|-344|568|16528N
13052017|140538|-328|440|16564N
13052017|140540|-280|500|16668N
13052017|140542|-248|444|16524N
13052017|140544|-276|416|16492N
13052017|140546|-412|560|16500N
13052017|140548|-384|528|16564N
13052017|140550|-356|376|16540N
13052017|140552|-316|464|16472N
13052017|140554|-436|560|16592N
13052017|140556|-320|492|16404N
13052017|140558|-380|516|16480N
13052017|140600|-360|516|16592N
13052017|140602|-272|392|16548N
13052017|140604|-408|480|16496N
13052017|140606|-304|412|16688N
13052017|140608|-208|464|16608N
13052017|140610|-316|524|16584N
13052017|140612|-336|372|16472N
13052017|140614|-376|496|16592N
13052017|140616|-372|452|16628N
13052017|140619|-276|436|16652N
13052017|140621|-364|500|16580N
13052017|140623|-404|528|16556N
13052017|140625|-296|564|16580N
13052017|140627|-296|340|16456N
13052017|140629|-284|556|16700N
13052017|140631|-288|456|16492N
13052017|140633|-304|536|16668N
13052017|140635|-292|400|16568N
13052017|140637|-308|584|16564N
13052017|140639|-372|420|16420N
13052017|140641|-396|472|16592N
13052017|140643|-292|472|16572N
13052017|140645|-344|440|16480N
13052017|140647|-224|544|16736N
13052017|140649|-364|556|16524N
13052017|140651|-240|528|16528N
13052017|140653|-260|552|16572N
13052017|140655|-292|524|16580N
13052017|140657|-336|488|16536N
13052017|140659|-368|428|16680N
13052017|140701|-240|524|16572N
13052017|140703|-328|468|16488N
13052017|140705|-316|408|16524N
13052017|140707|-348|548|16436N
13052017|140709|-328|584|16564N
13052017|140711|-364|460|16468N
13052017|140713|-384|480|16648N
13052017|140715|-352|508|16608N
13052017|140717|-232|480|16504N
13052017|140719|-420|476|16532N
13052017|140721|-252|592|16580N
13052017|140723|-312|480|16700N
13052017|140725|-264|520|16488N
13052017|140728|-292|532|16504N
13052017|140730|-244|556|16592N
13052017|140732|-392|492|16352N
13052017|140734|-128|432|16592N
13052017|140736|-264|552|16624N
13052017|140738|-384|504|16632N
13052017|140740|-352|452|16536N
13052017|140742|-292|468|16592N
13052017|140744|-288|576|16720N
13052017|140746|-168|608|16548N
13052017|140748|-348|468|16564N
13052017|140750|-176|624|16428N
13052017|140752|-432|460|16516N
13052017|140754|-324|432|16516N
13052017|140756|-372|432|16540N
13052017|140758|-256|364|16544N
13052017|140800|-272|496|16588N
13052017|140802|-384|428|16460N
13052017|140804|-280|552|16612N
13052017|140806|-476|500|16496N
13052017|140808|-344|464|16460N
13052017|140810|-372|388|16560N
13052017|140812|-276|456|16540N
13052017|140814|-360|488|16564N
13052017|140816|-412|548|16540N
13052017|140818|-396|360|16576N
13052017|140820|-316|456|16724N
13052017|140822|-352|532|16556N
13052017|140824|-336|556|16672N
13052017|140826|-340|476|16608N
13052017|140828|-264|400|16688N
13052017|140830|-288|584|16508N
13052017|140833|-460|520|16516N
13052017|140835|-316|452|16524N
13052017|140837|-1504|276|16904N
13052017|140839|-384|384|16696N
13052017|140841|-288|388|16460N
13052017|140843|-328|420|16540N
13052017|140845|-268|484|16664N
13052017|140847|-380|424|16596N
13052017|140849|-484|564|16608N
13052017|140851|-356|396|16492N
13052017|140853|-232|492|16408N
13052017|140855|-660|420|16308N
13052017|140857|-424|104|16352N
13052017|140859|148|624|16684N
13052017|140901|-416|436|16636N
13052017|140903|-280|476|16640N
13052017|140905|-172|448|16392N
13052017|140907|-260|432|16608N
13052017|140909|-288|532|16568N
13052017|140911|-216|460|16208N
13052017|140913|-368|436|16496N
13052017|140915|-440|396|16376N
13052017|140917|-372|276|16296N
13052017|140919|-268|504|16564N
13052017|140921|136|284|15736N
13052017|140923|-264|552|16628N
13052017|140925|-352|532|16656N
13052017|140927|-260|588|16688N
13052017|140929|-300|516|16636N
13052017|140931|-220|524|16780N
13052017|140933|-348|452|16576N
13052017|140936|-268|452|16544N
13052017|140938|-312|564|16428N
13052017|140940|-180|532|16748N
13052017|140942|-168|544|16532N
13052017|140944|-128|444|16460N
13052017|140946|-268|488|16620N
13052017|140948|-312|496|16488N
13052017|140950|-224|492|16632N
13052017|140952|-232|464|16664N
13052017|140954|-256|336|16400N
13052017|140956|-376|484|16604N
13052017|140958|-324|440|16552N
13052017|141000|-292|572|16564N
13052017|141002|-412|444|16592N
13052017|141004|-304|520|16592N
13052017|141006|-324|392|16608N
13052017|141008|-272|424|16472N
13052017|141010|-384|364|16696N
13052017|141012|-304|456|16472N
13052017|141014|-276|472|16592N
13052017|141016|-220|528|16588N
13052017|141018|-260|388|16456N
13052017|141020|-292|440|16628N
13052017|141022|-360|388|16640N
13052017|141024|-396|472|16660N
13052017|141026|-252|464|16496N
13052017|141028|-280|452|16464N
13052017|141030|-396|508|16528N
13052017|141032|-376|348|16584N
13052017|141034|-252|484|16548N
13052017|141036|-356|404|16612N
13052017|141038|-468|476|16452N
13052017|141040|-436|484|16592N
13052017|141043|-348|372|16540N
13052017|141045|-356|556|16576N
13052017|141047|-340|532|16620N
13052017|141049|-284|404|16548N
13052017|141051|-256|480|16624N
13052017|141053|-356|448|16464N
13052017|141055|-264|456|16512N
13052017|141057|-304|464|16632N
13052017|141059|-292|460|16532N
13052017|141101|-364|384|16624N
13052017|141103|-376|520|16688N
13052017|141105|-276|384|16560N
13052017|141107|-244|408|16588N
13052017|141109|-324|408|16592N
13052017|141111|-380|420|16476N
13052017|141113|-348|500|16632N
13052017|141115|-244|520|16616N
13052017|141117|-208|452|16520N
13052017|141119|-352|556|16552N
13052017|141121|-316|536|16548N
13052017|141123|-420|384|16524N
13052017|141125|-340|444|16560N
13052017|141127|-360|392|16428N
13052017|141129|-364|488|16528N
13052017|141131|-360|424|16600N
13052017|141133|-312|504|16516N
13052017|141135|-328|420|16632N
13052017|141137|-284|396|16668N
13052017|141139|-252|444|16580N
13052017|141141|-316|396|16456N
13052017|141143|-364|344|16476N
13052017|141145|-440|436|16528N
13052017|141148|-364|456|16396N
13052017|141150|-364|444|16544N
13052017|141152|-300|496|16540N
13052017|141154|-308|488|16600N
13052017|141156|-328|320|16564N
13052017|141158|-296|444|16456N
13052017|141200|-408|480|16572N
13052017|141202|-312|484|16508N
13052017|141204|-396|436|16720N
13052017|141206|-320|432|16572N
13052017|141208|-284|452|16496N
13052017|141210|-340|528|16564N
13052017|141212|-324|448|16456N
13052017|141214|-332|420|16440N
13052017|141216|-332|420|16544N
13052017|141218|-372|396|16392N
13052017|141220|-332|468|16516N
13052017|141222|-300|440|16664N
13052017|141224|-264|324|16548N
13052017|141226|-244|444|16596N
13052017|141228|-292|540|16504N
13052017|141230|-336|528|16584N
13052017|141232|-300|424|16628N
13052017|141234|-332|428|16720N
13052017|141236|-292|488|16420N
13052017|141238|-356|404|16512N
13052017|141240|-236|364|16400N
13052017|141242|-376|460|16624N
13052017|141244|-256|384|16468N
13052017|141246|-412|516|16532N
13052017|141248|-308|436|16596N
13052017|141250|-392|424|16548N
13052017|141253|-324|496|16468N
13052017|141255|-348|484|16544N
13052017|141257|-280|516|16588N
13052017|141259|-332|448|16452N
13052017|141301|-308|428|16528N
13052017|141303|-356|420|16532N
13052017|141305|-376|388|16592N
13052017|141307|-396|440|16400N
13052017|141309|-372|460|16496N
13052017|141311|-292|492|16480N
13052017|141313|-288|428|16636N
13052017|141315|-304|444|16460N
13052017|141317|-348|516|16468N
13052017|141319|-364|424|16616N
13052017|141321|-360|476|16572N
13052017|141323|-332|460|16620N
13052017|141325|-320|460|16508N
13052017|141327|-328|580|16612N
13052017|141329|-272|480|16648N
13052017|141331|-308|472|16488N
13052017|141333|-284|516|16664N
13052017|141335|-452|520|16524N
13052017|141337|-396|412|16472N
13052017|141339|-224|460|16460N
13052017|141341|-256|408|16548N
13052017|141343|-312|448|16552N
13052017|141345|-224|580|16548N
13052017|141347|-296|476|16548N
13052017|141349|-288|532|16560N
13052017|141351|-328|420|16632N
13052017|141353|-316|548|16672N
13052017|141355|-376|344|16576N
13052017|141357|-472|412|16552N
13052017|141400|-312|356|16572N
13052017|141402|-288|564|16540N
13052017|141404|-460|380|16532N
13052017|141406|132|388|16572N
13052017|141408|-216|616|16604N
13052017|141410|-372|508|16552N
13052017|141412|-572|192|16360N
13052017|141414|-332|328|16500N
13052017|141416|-56|604|16676N
13052017|141418|-240|396|16396N
13052017|141420|-384|428|16552N
13052017|141422|-352|384|16700N
13052017|141424|-292|536|16612N
13052017|141426|-296|544|16520N
13052017|141428|-340|460|16536N
13052017|141430|-276|488|16464N
13052017|141432|-272|464|16520N
13052017|141434|-352|488|16628N
13052017|141436|-292|468|16592N
13052017|141438|-260|436|16592N
13052017|141440|-264|436|16544N
13052017|141442|-304|444|16460N
13052017|141444|-316|524|16452N
13052017|141446|-356|348|16640N
13052017|141448|-372|372|16536N
13052017|141450|-264|412|16612N
13052017|141452|-280|412|16636N
13052017|141454|-292|492|16592N
13052017|141456|-184|324|16468N
13052017|141458|-268|484|16520N
13052017|141500|-240|488|16584N
13052017|141502|-380|500|16512N
13052017|141505|-280|424|16632N
13052017|141507|-396|400|16520N
13052017|141509|-236|428|16628N
13052017|141511|-308|480|16556N
13052017|141513|-248|428|16520N
13052017|141515|-384|468|16636N
13052017|141517|-340|348|16572N
13052017|141519|-380|424|16568N
13052017|141521|-372|420|16500N
13052017|141523|-256|420|16612N
13052017|141525|-332|496|16464N
13052017|141527|-284|412|16592N
13052017|141529|-324|480|16596N
13052017|141531|-408|444|16452N
13052017|141533|-400|368|16536N
13052017|141535|-352|532|16476N
13052017|141537|-348|384|16484N
13052017|141539|-228|504|16484N
13052017|141541|-300|440|16564N
13052017|141543|-384|476|16728N
13052017|141545|-280|456|16576N
13052017|141547|-372|436|16560N
13052017|141549|-360|540|16572N
13052017|141551|-332|392|16644N
13052017|141553|-324|448|16556N
13052017|141555|-388|424|16504N
13052017|141557|-276|472|16596N
13052017|141559|-272|452|16596N
13052017|141601|-236|416|16588N
13052017|141603|-372|388|16544N
13052017|141605|-292|452|16584N
13052017|141607|-264|416|16560N
13052017|141609|-148|388|16692N
13052017|141612|-292|412|16636N
13052017|141614|-304|496|16496N
13052017|141616|-356|456|16444N
13052017|141618|-256|460|16448N
13052017|141620|-328|480|16624N
13052017|141622|-340|500|16468N
13052017|141624|-292|380|16536N
13052017|141626|-300|360|16560N
13052017|141628|-328|484|16576N
13052017|141630|-308|536|16608N
13052017|141632|-376|428|16364N
13052017|141634|-332|456|16672N
13052017|141636|-416|380|16396N
13052017|141638|-356|384|16468N
13052017|141640|-300|540|16524N
13052017|141642|-264|432|16488N
13052017|141644|-332|528|16732N
13052017|141646|-360|432|16520N
13052017|141648|-284|476|16368N
13052017|141650|-324|476|16596N
13052017|141652|-280|544|16492N
13052017|141654|-348|380|16460N
13052017|141656|-396|412|16540N
13052017|141658|-316|432|16560N
13052017|141700|-308|520|16748N
13052017|141702|-392|560|16448N
13052017|141704|-320|464|16620N
13052017|141706|-320|412|16600N
13052017|141708|-344|392|16504N
13052017|141710|-292|464|16540N
13052017|141712|-348|504|16640N
13052017|141715|-328|444|16616N
13052017|141717|-392|416|16792N
13052017|141719|-300|508|16440N
13052017|141721|-328|388|16596N
13052017|141723|-352|488|16536N
13052017|141725|-272|380|16608N
13052017|141727|-348|416|16500N
13052017|141729|-368|412|16492N
13052017|141731|-272|316|16684N
13052017|141733|-348|476|16640N
13052017|141735|-320|496|16608N
13052017|141737|-356|420|16500N
13052017|141739|-300|460|16588N
13052017|141741|-256|404|16548N
13052017|141743|-428|512|16624N
13052017|141745|-284|424|16460N
13052017|141747|-268|524|16544N
13052017|141749|-364|444|16560N
13052017|141751|-324|416|16504N
13052017|141753|-388|488|16520N
13052017|141755|-388|496|16420N
13052017|141757|-336|380|16720N
13052017|141759|-248|424|16648N
13052017|141801|-272|428|16468N
13052017|141803|-308|388|16644N
13052017|141805|-228|440|16480N
13052017|141807|-328|460|16656N
13052017|141809|-324|520|16348N
13052017|141811|-344|496|16580N
13052017|141813|-308|392|16520N
13052017|141815|-288|436|16492N
13052017|141817|-328|504|16504N
13052017|141819|-236|468|16584N
13052017|141822|-276|444|16696N
13052017|141824|-272|468|16564N
13052017|141826|-308|384|16544N
13052017|141828|-288|456|16532N
13052017|141830|-308|504|16548N
13052017|141832|-228|384|16620N
13052017|141834|-280|440|16548N
13052017|141836|-292|456|16532N
13052017|141838|-292|448|16508N
13052017|141840|-416|404|16568N
13052017|141842|-324|424|16540N
13052017|141844|-352|488|16504N
13052017|141846|-348|436|16620N
13052017|141848|-320|508|16628N
13052017|141850|-380|452|16588N
13052017|141852|-268|352|16568N
13052017|141854|-272|332|16444N
13052017|141856|-344|512|16632N
13052017|141858|-288|380|16528N
13052017|141900|-316|448|16516N
13052017|141902|-384|404|16660N
13052017|141904|-368|412|16448N
13052017|141906|-288|516|16368N
13052017|141908|-324|452|16544N
13052017|141910|-332|536|16456N
13052017|141912|-332|420|16624N
13052017|141914|-392|368|16404N
13052017|141916|-344|388|16628N
13052017|141918|-228|460|16432N
13052017|141920|-272|464|16484N
13052017|141922|-1084|-488|17244N
13052017|141924|13524|10404|4500N
13052017|142526|-1180|-2168|16520N
13052017|142528|-1164|-2156|16320N
13052017|142531|-1080|-2272|16304N
13052017|142533|-1176|-2224|16272N
13052017|142535|-1180|-2240|16556N
13052017|142537|-1180|-2200|16216N
13052017|144008|10864|7560|-10308N
13052017|144010|10968|7300|-9008N
13052017|150056|2768|15896|-60N
13052017|150059|2880|15064|-4508N
13052017|150102|-112|17188|-7908N
13052017|150121|-1060|15196|-6900N
13052017|150123|-3324|15620|-4104N
13052017|150125|-1560|14644|-6748N
13052017|150127|3452|15656|-5664N
13052017|150129|2280|13988|-4900N
13052017|150131|-428|12428|-9916N
13052017|150133|5548|14804|-3992N
13052017|150135|3480|6696|-15080N
13052017|150137|-1904|-1604|-16172N
13052017|150139|-9260|-9352|-9184N
13052017|150142|-14612|-5948|13168N
13052017|150144|2832|13552|-4308N
13052017|150146|-1288|-2344|-16176N
13052017|150148|-2588|-680|-15816N
13052017|150150|-908|-3704|-11636N
13052017|150152|7308|-2884|-12692N
13052017|150154|4716|-3836|-15596N
13052017|150156|-2904|-2260|-16988N
13052017|150158|-1384|5708|-14812N
13052017|150200|-6364|-3176|-15308N
13052017|150202|-10644|2060|-11648N
13052017|150204|-10440|1032|-11696N
13052017|150206|-1392|8656|-14288N
13052017|150208|-11452|10488|-2188N
13052017|150210|-1244|14612|13396N
13052017|150212|728|15816|4724N
13052017|150214|-512|14424|4940N
13052017|150216|2040|15496|3952N
13052017|150218|1968|16112|1476N
13052017|150220|2656|17748|1080N
13052017|150222|-5360|20088|3780N
13052017|150224|-3760|13984|9444N
13052017|150226|-6732|11332|704N
13052017|150228|196|19540|-2644N
13052017|150230|-2056|13836|9100N
13052017|150232|7020|12532|9936N
13052017|150234|-3788|14596|4652N
13052017|150236|-4|20600|-1668N
13052017|150238|3680|16596|1716N
13052017|150240|-2736|13556|48N
13052017|150242|0|12148|8896N
13052017|150244|-1172|15740|9872N
13052017|150246|3028|12528|3532N
13052017|150249|2704|23928|1196N
13052017|150251|1056|15116|3880N
13052017|150253|304|11044|1184N
13052017|150255|-80|10856|6452N
13052017|150257|5948|21248|3852N
13052017|150259|-2852|15252|1948N
13052017|150301|12|14224|-88N
13052017|150303|2760|15352|-960N
13052017|150305|936|16112|1520N
13052017|150307|-6172|15580|1764N
13052017|150309|1552|15868|-1816N
13052017|150311|3264|16092|-1068N
13052017|150313|3808|15924|-1788N
13052017|150315|1996|16096|-1624N
13052017|150317|-592|17576|2868N
13052017|150319|1768|16532|4772N
13052017|150321|2184|14476|2492N
13052017|150323|2880|15780|3864N
13052017|150325|2376|16132|8208N
13052017|150327|-624|15596|5204N
13052017|150329|2164|15316|2864N
13052017|150331|660|20824|4912N
13052017|150333|-1212|23712|10064N
13052017|150335|2828|14676|7484N
13052017|150337|-424|22176|4196N
13052017|150339|1584|21964|2432N
13052017|150341|-264|19988|3780N
13052017|150343|1944|15352|2904N
13052017|150345|-2884|18944|3440N
13052017|150347|-5204|16644|4732N
13052017|150349|2604|8548|17404N
13052017|150351|-3668|2400|16388N
13052017|150354|-2836|2876|17956N
13052017|150356|-4064|760|16992N
13052017|150358|-2296|12512|7280N
13052017|150400|-4376|-1292|14616N
13052017|150402|-1612|13168|12468N
13052017|150404|24640|-18484|32668N
13052017|150406|-2164|964|14960N
13052017|150408|-7140|4104|18276N
13052017|150410|-1900|2828|18428N
13052017|150412|-2856|2448|16224N
13052017|150414|-2860|848|16476N
13052017|150416|-3512|1312|16672N
13052017|150418|-616|12592|12584N
13052017|150420|464|10856|20460N
13052017|150422|-10228|32767|32767N
13052017|150424|5220|-16184|648N
13052017|150426|16276|-5948|-4768N
13052017|150428|13468|-9580|2184N
13052017|150430|11184|-10740|3192N
13052017|150432|11756|-10592|4992N
13052017|150434|11496|-11496|4504N
13052017|150436|2332|15684|13020N
13052017|150438|-1936|13908|14064N
13052017|150440|8228|15048|1796N
13052017|150442|4012|14640|1172N
13052017|150444|7836|14360|212N
13052017|150446|10452|12020|-960N
13052017|150448|11436|12988|1652N
13052017|150450|11308|13556|-1636N
13052017|150452|12984|5464|-732N
13052017|150454|9136|12796|2740N
13052017|150456|-1680|15896|6152N
13052017|150459|-968|13644|7456N
13052017|150501|-828|15856|5452N
13052017|150503|1184|14928|6668N
13052017|150505|2996|15144|5184N
13052017|150507|3396|15496|4756N
13052017|150509|4332|14428|5940N
13052017|150511|4864|14204|6064N
13052017|150513|5036|14412|6352N
13052017|150515|3672|14804|6068N
13052017|150517|2960|15460|5176N
13052017|150519|-2220|13764|5556N
13052017|150521|-560|13608|7972N
13052017|150523|4660|15992|5988N
13052017|150525|6776|13788|5832N
13052017|150527|7408|13224|5864N
13052017|150529|2848|14796|5176N
13052017|150531|-888|14040|9208N
13052017|150533|-680|13564|9496N
13052017|150535|-940|13704|9280N
13052017|150537|-956|13324|9664N
13052017|150539|-1552|13068|9836N
13052017|150541|-1612|14508|7564N
13052017|150543|-1264|13164|10252N
13052017|150545|-1148|13116|9736N
13052017|150547|-1088|13144|9616N
13052017|150549|-1796|13068|9808N
13052017|150551|-3316|11372|11328N
13052017|150553|-3412|10764|11540N
13052017|150555|-3128|11108|11952N
13052017|150557|-3292|11240|11612N
13052017|150559|-3028|11432|10876N
13052017|150601|-3156|10896|11408N
13052017|150604|-2908|10408|12180N
13052017|150606|-3252|10140|12552N
13052017|150608|-2500|10584|12428N
13052017|150610|-2440|11508|11952N
13052017|150612|-2360|11084|12072N
13052017|150614|-2184|10920|12252N
13052017|150616|-2200|10224|12540N
13052017|150618|-2404|10124|12668N
13052017|150620|-2484|10076|13052N
13052017|150622|-2336|9672|13072N
13052017|150624|-2836|12196|13080N
13052017|150626|-1204|14136|7796N
13052017|150628|-1004|13688|8848N
13052017|150630|-2780|13104|10820N
13052017|150632|576|10604|10756N
13052017|150634|-712|11536|11664N
13052017|150636|-2388|10688|12776N
13052017|150638|-364|14556|8156N
13052017|150640|-3704|14204|11852N
13052017|150642|992|14212|8392N
13052017|150644|932|14120|8336N
13052017|150646|816|13960|8832N
13052017|150648|1144|13956|8576N
13052017|150650|340|12996|9676N
13052017|150652|-88|13312|9456N
13052017|150654|116|13512|9556N
13052017|150656|-96|13508|9480N
13052017|150658|-584|13604|9364N
13052017|150700|-796|13516|9912N
13052017|150702|-296|14000|8532N
13052017|150704|-464|14280|8480N
13052017|150706|-708|15276|9428N
13052017|150709|-1020|13772|9684N
13052017|150711|-1028|13840|8980N
13052017|150713|-876|13832|9232N
13052017|150715|-796|14436|7320N
13052017|150717|-264|15556|6984N
13052017|150719|-6852|13636|5748N
13052017|150721|-4396|12852|8760N
13052017|150723|-4224|13028|8892N
13052017|150725|-3792|13788|8712N
13052017|150727|-5136|11460|12264N
13052017|150729|-4088|12128|10464N
13052017|150731|-2980|12160|11392N
13052017|150733|-2664|13544|8956N
13052017|150735|-2492|13744|9252N
13052017|150737|-2100|13580|9252N
13052017|150739|-5184|12372|10996N
13052017|150741|-992|13136|9760N
13052017|150743|-288|13524|11400N
13052017|150745|-1160|12836|11200N
13052017|150747|-1764|12792|10320N
13052017|150749|-1312|13104|9408N
13052017|150751|-1796|13532|9188N
13052017|150753|-1616|13192|9868N
13052017|150755|-1520|13244|9648N
13052017|150757|-1356|13508|9688N
13052017|150759|-1548|12776|10268N
13052017|150801|-2416|12724|9688N
13052017|150803|-2576|12592|10332N
13052017|150805|-2168|12264|10512N
13052017|150807|-2332|12400|10488N
13052017|150809|-2384|12340|10596N
13052017|150811|-2076|12076|10620N
13052017|150814|-2208|11992|11072N
13052017|150816|-2556|11868|11772N
13052017|150818|-1684|11828|11588N
13052017|150820|-1712|11924|11592N
13052017|150822|-1836|11728|12112N
13052017|150824|-552|12104|10024N
13052017|150826|396|11232|8108N
13052017|150828|-2612|12016|11216N
13052017|150830|-1916|11712|11308N
13052017|150832|-940|12844|10660N
13052017|150834|-948|12788|10384N
13052017|150836|-1144|12668|10472N
13052017|150838|-544|12232|11020N
13052017|150840|-456|12604|9628N
13052017|150842|-1272|12596|11152N
13052017|150844|-864|12828|9876N
13052017|150846|-884|12784|11072N
13052017|150848|-1368|12788|9800N
13052017|150850|-1460|12884|10364N
13052017|150852|-1848|12728|11424N
13052017|150854|-1276|12376|10692N
13052017|150856|-1492|12072|11188N
13052017|150858|-1792|12292|10932N
13052017|150900|-1604|12412|11364N
13052017|150902|-2680|8600|11892N
13052017|150904|-2764|7768|15660N
13052017|150906|-1940|7816|15320N
13052017|150908|-1608|7088|14776N
13052017|150910|-1580|7156|14968N
13052017|150912|-1672|6964|14912N
13052017|150914|-2500|6216|15168N
13052017|150916|-528|12452|13324N
13052017|150919|-5912|22072|-1212N
13052017|150921|2932|13516|6384N
13052017|150923|8248|11736|7272N
13052017|150925|3516|16004|6156N
13052017|150927|-3900|15612|3404N
13052017|150929|-3516|11916|5792N
13052017|150931|2516|17096|2208N
13052017|150933|8080|15204|7852N
13052017|150935|-1616|14300|9180N
13052017|150937|-1360|14080|7124N
13052017|150939|-1644|13816|7892N
13052017|150941|-540|13500|9260N
13052017|150943|-2544|16924|15056N
13052017|150945|-2896|11668|8860N
13052017|150947|-4156|12344|10676N
13052017|150949|-3448|11532|13704N
13052017|150951|-972|8692|8464N
13052017|150953|-2764|12520|12476N
13052017|150955|-1396|11856|11264N
13052017|150957|32|9048|8144N
13052017|150959|-512|7700|8740N
13052017|151001|-1608|12264|11128N
13052017|151003|-468|11372|11272N
13052017|151005|-404|11472|11528N
13052017|151007|-1132|13808|10684N
13052017|151009|-900|13756|8924N
13052017|151011|-1208|14952|8228N
13052017|151013|-1152|13048|9588N
13052017|151015|-1536|14168|9712N
13052017|151017|-516|13696|8524N
13052017|151019|-1660|14060|8144N
13052017|151021|-2520|13548|8724N
13052017|151023|-2820|14196|7740N
13052017|151026|-3212|14036|8800N
13052017|151028|-1488|12380|9624N
13052017|151030|-204|14236|9808N
13052017|151032|256|12860|10592N
13052017|151034|488|12748|10040N
13052017|151036|1248|14676|6124N
13052017|151038|824|15100|9440N
13052017|151040|-1768|13988|8604N
13052017|151042|-792|14668|8944N
13052017|151044|488|14796|6684N
13052017|151046|-360|13964|9072N
13052017|151048|-684|14728|9728N
13052017|151050|2692|12492|6536N
13052017|151052|1112|13300|9452N
13052017|151054|1528|14008|8448N
13052017|151056|1288|14228|8176N
13052017|151058|120|15988|7572N
13052017|151100|1488|13580|8520N
13052017|151102|-2980|13788|8432N
13052017|151104|-1448|14412|11988N
13052017|151106|-6112|14644|5640N
13052017|151108|-4916|13484|9544N
13052017|151110|-4396|15180|11164N
13052017|151112|-3368|12360|8576N
13052017|151114|-1980|14168|7316N
13052017|151116|-1684|13696|8092N
13052017|151118|20|14040|8280N
13052017|151120|648|13228|6532N
13052017|151122|2712|1232|1052N
13052017|151124|-2816|32767|26376N
13052017|151126|-1528|32767|-32768N
13052017|151128|-17476|3800|1752N
13052017|151131|-6504|32767|29084N
13052017|151134|8064|-16888|13664N
13052017|151136|32767|32767|20496N
13052017|151139|15336|-6156|-14124N
13052017|151141|-12944|-10024|-15900N
13052017|151143|-9728|17384|20444N
13052017|151145|-5752|9496|16740N
13052017|151148|1216|10480|15440N
13052017|151150|-5224|7612|12724N
13052017|151152|-2564|7852|14312N
13052017|151154|-3616|7984|13780N
13052017|151156|-3476|8284|13572N
13052017|151158|-3732|8580|13368N
13052017|151200|-4444|9496|12888N
13052017|151202|-1652|8964|12908N
13052017|151204|-768|9624|13892N
13052017|151206|-1964|9000|14292N
13052017|151208|-2372|9052|14368N
13052017|151210|-3636|8748|13240N
13052017|151212|-3724|8512|13492N
13052017|151214|-4148|8516|13648N
13052017|151216|-3956|8444|13572N
13052017|151218|-3728|6608|13456N
13052017|151220|-4132|8468|14220N
13052017|151222|-4384|8800|13020N
13052017|151224|-4848|8676|13076N
13052017|151226|-4544|8648|13112N
13052017|151228|-5084|9116|13268N
13052017|151230|-4980|8860|13244N
13052017|151232|-4880|8484|13020N
13052017|151234|-4152|8372|11908N
13052017|151236|-4856|8140|13396N
13052017|151238|-4408|9960|13304N
13052017|151240|-4436|9652|13624N
13052017|151242|-4288|9436|12952N
13052017|151244|-4512|9756|12532N
13052017|151246|-3664|9552|12608N
13052017|151248|-4072|9584|12764N
13052017|151251|-4848|9564|14168N
13052017|151253|-4080|8972|13328N
13052017|151255|-4492|9412|13004N
13052017|151257|-4536|9128|12932N
13052017|151259|-4300|8948|12924N
13052017|151301|-4328|8956|13092N
13052017|151303|-4436|8980|12784N
13052017|151305|-4500|9036|13300N
13052017|151307|-5272|9140|14192N
13052017|151309|-4996|8652|11936N
13052017|151311|-7192|8020|10680N
13052017|151313|-7800|8968|10200N
13052017|151315|-3536|7996|13528N
13052017|151317|-4216|8336|13728N
13052017|151319|-4244|8276|13704N
13052017|151321|-4616|8432|13628N
13052017|151323|-4160|8600|13164N
13052017|151325|-3448|9040|11668N
13052017|151327|-3804|8804|13620N
13052017|151329|-3488|8836|13672N
13052017|151331|-3348|8828|13280N
13052017|151333|-3608|8760|13564N
13052017|151335|-3792|8748|13348N
13052017|151337|-3848|8712|12956N
13052017|151339|-3368|8716|13728N
13052017|151341|-3436|8432|14060N
13052017|151343|-4360|8400|13772N
13052017|151345|-4168|8472|13676N
13052017|151347|-4112|8188|13372N
13052017|151349|-3908|8564|13840N
13052017|151351|-3960|8468|13576N
13052017|151353|-5528|7580|11556N
13052017|151355|-5008|8780|13108N
13052017|151358|-4796|8120|13584N
13052017|151400|-4540|8740|13584N
13052017|151402|-5384|8616|13724N
13052017|151404|-5128|8440|13480N
13052017|151406|-5112|8576|13496N
13052017|151408|-5456|8440|13560N
13052017|151410|-4256|8160|14432N
13052017|151412|-4076|8232|14108N
13052017|151414|-4108|8228|13852N
13052017|151416|-3664|8608|13464N
13052017|151418|-4056|9304|13644N
13052017|151420|-3516|8812|13508N
13052017|151422|-3464|9508|13120N
13052017|151424|-3640|9216|12944N
13052017|151426|-3476|9236|13184N
13052017|151428|-3668|9280|13192N
13052017|151430|-3580|9472|13088N
13052017|151432|-3768|9512|12876N
13052017|151434|-3860|9384|13364N
13052017|151436|-3672|9304|12976N
13052017|151438|-3600|9420|13332N
13052017|151440|-3632|9404|13108N
13052017|151442|-4692|8256|13432N
13052017|151444|-5264|6748|8996N
13052017|151446|-7380|9076|13580N
13052017|151448|-5368|9120|11968N
13052017|151450|-7240|8712|12300N
13052017|151452|-6876|8528|12656N
13052017|151454|-6436|7912|14056N
13052017|151456|-7496|7804|12348N
13052017|151458|-6184|10136|13648N
13052017|151500|-4848|8908|13720N
13052017|151503|-2732|6612|14228N
13052017|151505|-3164|11424|11604N
13052017|151507|-3744|11184|12104N
13052017|151509|-3628|10728|11728N
13052017|151511|-3616|10416|12220N
13052017|151513|-4208|10308|12940N
13052017|151515|-4232|10152|12492N
13052017|151517|-4228|8376|13616N
13052017|151519|-4420|8600|13904N
13052017|151521|-4580|8576|13736N
13052017|151523|-4060|8588|13604N
13052017|151525|-4044|8552|13580N
13052017|151527|-4048|8612|13500N
13052017|151529|-4136|8540|13700N
13052017|151531|-4260|8252|13540N
13052017|151533|-1896|8620|13448N
13052017|151535|-2268|9172|13564N
13052017|151537|-2368|8508|14328N
13052017|151539|-2508|9184|13564N
13052017|151541|-2436|8672|13840N
13052017|151543|-4636|3600|17128N
13052017|151545|-3196|9096|12168N
13052017|151547|-2196|8492|13652N
13052017|151549|-2360|8344|13980N
13052017|151551|-2292|7984|13644N
13052017|151553|-2872|8504|13920N
13052017|151555|-2336|8140|12800N
13052017|151557|-5000|9000|11904N
13052017|151559|-6380|7700|14984N
13052017|151601|-6428|8920|14944N
13052017|151603|-4672|7968|13396N
13052017|151605|-4380|8324|12992N
13052017|151608|-4252|8988|13064N
13052017|151610|-6996|7600|13244N
13052017|151612|-6004|6468|12728N
13052017|151614|-5100|6172|11412N
13052017|151616|-6164|6628|12204N
13052017|151618|-3452|6528|4080N
13052017|151620|-7880|10372|11136N
13052017|151622|-7220|10440|9572N
13052017|151624|-7608|12064|9568N
13052017|151626|-6296|12468|8964N
13052017|151628|-9048|10204|9500N
13052017|151630|-5968|10412|9380N
13052017|151632|-6228|13348|8048N
13052017|151634|-3200|9492|10396N
13052017|151636|-5456|14268|10424N
13052017|151638|-4128|13656|8252N
13052017|151640|-3920|13460|8292N
13052017|151642|-5044|13560|7412N
13052017|151644|-5624|13628|7768N
13052017|151646|-5248|15304|3912N
13052017|151648|-6644|15112|1504N
13052017|151650|-6472|15284|484N
13052017|151652|-4296|13408|5652N
13052017|151654|-6968|13996|6384N
13052017|151656|-6804|12472|6528N
13052017|151658|-5900|13464|7256N
13052017|151700|-9624|12444|1068N
13052017|151702|8932|24976|24384N
13052017|151704|-24944|8432|32767N
13052017|151709|-22552|32767|32767N
13052017|151711|19564|29356|15732N
13052017|151713|1748|11012|14600N
13052017|151715|-480|6624|14680N
13052017|151717|-1216|8004|14964N
13052017|151719|-1620|7752|13712N
13052017|151721|-336|8500|15092N
13052017|151723|-868|8556|13268N
13052017|151725|-1684|8716|14288N
13052017|151727|-1768|7764|14368N
13052017|151729|-1848|8172|14588N
13052017|151731|-1308|8020|14232N
13052017|151733|-2012|7892|14264N
13052017|151735|-2060|8836|13428N
13052017|151737|-1688|8844|13900N
13052017|151739|-2340|8216|14012N
13052017|151741|-2652|8476|14440N
13052017|151743|-2592|8252|13900N
13052017|151745|-1904|8892|13836N
13052017|151747|-2192|8608|13820N
13052017|151749|-2744|6872|15100N
13052017|151751|-2956|7068|14676N
13052017|151753|-2960|7192|14692N
13052017|151755|-1604|9268|13800N
13052017|151757|80|9616|14320N
13052017|151759|-3472|12060|16480N
13052017|151801|-3856|19292|32767N
13052017|151803|-27784|-20604|5604N
13052017|151805|-2772|24800|32767N
13052017|151807|-16180|444|7988N
13052017|151810|-5192|5480|16092N
13052017|151812|-6404|7196|23376N
13052017|151814|748|8892|16864N
13052017|151816|1188|6752|15196N
13052017|151818|-684|6304|14944N
13052017|151820|-2472|6676|15500N
13052017|151822|-1964|6840|14996N
13052017|151824|-1356|6676|14808N
13052017|151826|-4428|6628|13596N
13052017|151828|-8432|9232|16360N
13052017|151830|3784|10216|14980N
13052017|151832|1260|9616|18420N
13052017|151834|-4084|7160|17476N
13052017|151836|-8296|5796|13168N
13052017|151838|-3396|5512|18152N
13052017|151840|-4108|5264|15684N
13052017|151842|-4264|5772|14852N
13052017|151844|-3564|5932|14860N
13052017|151846|-4164|5976|14912N
13052017|151848|-4328|7616|13904N
13052017|151850|-4124|7516|13208N
13052017|151852|-7232|672|12320N
13052017|151854|-5896|7804|20264N
13052017|151856|-5920|5560|9908N
13052017|151858|-4904|2980|12300N
13052017|151900|-10652|4388|8984N
13052017|151902|1996|15668|31512N
13052017|151904|-1808|-2740|-4048N
13052017|151906|-8880|5664|18276N
13052017|151908|-8212|4872|16504N
13052017|151910|-8776|5388|14076N
13052017|151912|-6904|4204|14572N
13052017|151915|-6820|4608|12436N
13052017|151917|-6352|4540|13456N
13052017|151919|-6908|7732|13604N
13052017|151921|-11664|14232|14928N
13052017|151923|-6440|10924|18996N
13052017|151925|-1900|9424|18408N
13052017|151927|-9628|6632|10816N
13052017|151929|-5456|7228|12928N
13052017|151931|-2620|7152|16936N
13052017|151933|-9248|6044|12932N
13052017|151935|-6180|8008|13248N
13052017|151937|-6412|7768|13032N
13052017|151939|-4820|7340|12720N
13052017|151941|-6340|7912|13020N
13052017|151943|-4996|9236|12944N
13052017|151945|-5292|8776|12616N
13052017|151947|-12060|9436|13552N
13052017|151949|-7984|5764|22300N
13052017|151951|-9320|1748|16100N
13052017|151953|-4544|5948|11468N
13052017|151955|-4824|4420|11580N
13052017|151957|-5020|2292|12540N
13052017|151959|-3580|7220|20204N
13052017|152001|-2048|8760|15464N
13052017|152003|-2696|7284|14448N
13052017|152005|-3936|6632|13996N
13052017|152007|-4484|6568|14552N
13052017|152009|-7408|9084|12044N
13052017|152011|-6748|8688|12036N
13052017|152013|-2348|128|3000N
13052017|152015|-17964|6480|-19368N
13052017|152018|-6372|10996|12488N
13052017|152020|-4868|2492|6880N
13052017|152022|-5652|8200|8908N
13052017|152024|-8628|7108|17456N
13052017|152026|-4364|9412|13432N
13052017|152028|-9600|3716|13852N
13052017|152030|-6544|6848|18348N
13052017|152032|-2496|7500|14164N
13052017|152034|-3288|7444|14460N
13052017|152036|-3800|6988|13804N
13052017|152038|-4264|5784|13944N
13052017|152040|-5496|6664|14084N
13052017|152042|-4028|9632|11480N
13052017|152044|-6900|8764|14396N
13052017|152046|-3552|2920|6828N
13052017|152048|-6872|1632|14852N
13052017|152050|-8504|1176|14996N
13052017|152053|-8660|7036|15148N
13052017|152055|-6732|9592|20440N
13052017|152057|-3608|1308|15684N
13052017|152059|-5892|2680|9904N
13052017|152101|-7760|6012|6404N
13052017|152103|-7772|2052|15648N
13052017|152105|-9304|9528|16584N
13052017|152107|-6668|4284|15196N
13052017|152109|-8260|7392|15524N
13052017|152111|-5976|8376|12920N
13052017|152113|-5744|2580|17376N
13052017|152115|-4276|6452|20780N
13052017|152117|-4716|12280|12464N
13052017|152119|-10148|1012|14348N
13052017|152121|-4600|5100|10836N
13052017|152123|-4736|12232|15064N
13052017|152125|1968|4368|21484N
13052017|152127|-4552|5568|20360N
13052017|152129|-8148|6204|13048N
13052017|152131|-5068|11840|17156N
13052017|152133|-12636|7040|10996N
13052017|152135|-12116|4200|7388N
13052017|152137|-6464|7764|20080N
13052017|152139|-6488|6468|20552N
13052017|152141|-5296|6012|20920N
13052017|152143|-1704|10380|9336N
13052017|152145|-3592|10004|16024N
13052017|152147|-4520|6604|13760N
13052017|152149|-7520|7668|9224N
13052017|152151|-15868|6064|18700N
13052017|152153|-1240|10564|10684N
13052017|152155|-10612|2528|12360N
13052017|152158|-6480|4412|9428N
13052017|152200|-7772|5928|25080N
13052017|152202|80|4040|12840N
13052017|152204|-5124|7436|17784N
13052017|152206|-5968|10300|12028N
13052017|152208|-2828|10684|15904N
13052017|152210|-5844|8464|11744N
13052017|152212|-3332|9760|14368N
13052017|152214|-1092|7676|13560N
13052017|152216|-1064|8288|14236N
13052017|152218|-2620|7268|14164N
13052017|152220|-4956|8076|13624N
13052017|152222|-4104|8260|14176N
13052017|152224|-4120|7440|14800N
13052017|152226|-3528|7064|13872N
13052017|152228|-2888|7084|13112N
13052017|152230|-5048|7380|14160N
13052017|152232|-5292|7580|12468N
13052017|152234|-5396|7488|14248N
13052017|152236|-4428|8232|13252N
13052017|152238|-4424|8572|12876N
13052017|152240|-5528|7996|13424N
13052017|152242|-5672|8116|13124N
13052017|152244|-5884|7712|13084N
13052017|152246|-4876|6788|14092N
13052017|152248|-5380|6972|13780N
13052017|152250|-4324|7608|13652N
13052017|152252|-4360|8364|13572N
13052017|152254|-4096|8696|12460N
13052017|152256|-8868|11076|20528N
13052017|152258|-2128|4504|17716N
13052017|152300|-10032|10752|18992N
13052017|152302|-3040|2484|9568N
13052017|152305|-2324|-676|15380N
13052017|152307|-3876|4784|12340N
13052017|152309|-6688|4388|10408N
13052017|152311|-11092|8180|12048N
13052017|152313|-6252|4976|14376N
13052017|152315|-10568|13188|15640N
13052017|152317|-8708|6756|16268N
13052017|152319|-6972|11400|12888N
13052017|152321|-1356|7868|14388N
13052017|152323|-4084|7872|14848N
13052017|152325|-7540|8136|13084N
13052017|152327|-6224|8812|12548N
13052017|152329|-3872|8128|13888N
13052017|152331|-2572|8192|14600N
13052017|152333|-2352|8720|13580N
13052017|152335|-2724|8372|14100N
13052017|152337|-3360|8512|14092N
13052017|152339|-3324|8160|13728N
13052017|152341|-3640|7788|14168N
13052017|152343|-4364|7388|14700N
13052017|152345|-3476|8624|13464N
13052017|152347|-3320|8720|14316N
13052017|152349|-3376|8704|13688N
13052017|152351|-4216|8888|13860N
13052017|152353|-4136|8304|13780N
13052017|152355|-3548|8236|13696N
13052017|152357|-3776|8468|13512N
13052017|152359|-4448|8424|13404N
13052017|152401|-3632|8360|13236N
13052017|152403|-6428|6988|13668N
13052017|152405|-7868|7156|12612N
13052017|152407|-9084|7432|11216N
13052017|152410|-8396|6876|13592N
13052017|152412|-5668|9068|12736N
13052017|152414|-3264|9220|12392N
13052017|152416|-3488|8696|13720N
13052017|152418|-3892|8580|13796N
13052017|152420|-3996|8608|13324N
13052017|152422|-3908|8360|13672N
13052017|152424|-3192|8788|13560N
13052017|152426|-2384|8208|13316N
13052017|152428|-4228|7556|13504N
13052017|152430|-5824|8708|13344N
13052017|152432|-4976|8440|13304N
13052017|152434|-4672|7940|13656N
13052017|152436|-4752|8396|13276N
13052017|152438|-5312|7936|13764N
13052017|152440|-4604|8528|13752N
13052017|152442|-4240|8028|13592N
13052017|152444|-4340|8400|13396N
13052017|152446|-4484|8540|13600N
13052017|152448|-4580|8192|13316N
13052017|152450|-4128|8448|13316N
13052017|152452|-4564|8584|13580N
13052017|152454|-4296|8352|13508N
13052017|152456|-5064|9696|12380N
13052017|152458|-5300|8884|12756N
13052017|152500|-5056|9232|12856N
13052017|152502|-5368|7056|13644N
13052017|152504|-5852|7780|13272N
13052017|152506|-5692|8208|13148N
13052017|152508|-5272|8068|12964N
13052017|152510|-5504|8332|13108N
13052017|152512|-5768|7840|12800N
13052017|152515|-4856|7076|13452N
13052017|152517|-4884|7988|14076N
13052017|152519|-6484|8840|11552N
13052017|152521|-9756|8412|13348N
13052017|152523|-5880|14176|10376N
13052017|152525|-7208|6912|13600N
13052017|152527|-8980|11372|9896N
13052017|152529|-6412|-880|9696N
13052017|152531|-4796|6368|17876N
13052017|152533|-5848|11568|16340N
13052017|152535|-3012|-16252|31672N
13052017|152537|-2176|-6312|15892N
13052017|152539|5116|304|3552N
13052017|152541|-6144|6744|11676N
13052017|152543|-5588|8176|13592N
13052017|152545|-5020|7868|13196N
13052017|152547|-4580|8052|13096N
13052017|152549|-3900|4132|6144N
13052017|152551|-7500|8304|13060N
13052017|152553|-7308|9188|12400N
13052017|152555|-7844|8804|12756N
13052017|152557|-6152|9104|13544N
13052017|152559|-5288|9120|11716N
13052017|152601|-11324|9172|12952N
13052017|152603|-6460|9456|10624N
13052017|152605|-9244|9964|16808N
13052017|152607|-12212|15424|17660N
13052017|152609|-3200|340|9732N
13052017|152611|-7464|10176|12812N
13052017|152613|-5780|4236|9072N
13052017|152615|-3008|2576|9312N
13052017|152618|-6688|8500|12612N
13052017|152620|-6112|8440|12356N
13052017|152622|-6112|8420|12348N
13052017|152624|-6036|7524|12560N
13052017|152626|-8148|9108|16292N
13052017|152628|-6408|8768|11764N
13052017|152630|-6184|8924|11884N
13052017|152632|-5228|7128|13364N
13052017|152634|-6796|8620|12656N
13052017|152636|-6244|9464|12016N
13052017|152638|-6156|9600|12540N
13052017|152640|-6332|9780|12212N
13052017|152642|-6244|9464|11636N
13052017|152644|-8020|8644|12084N
13052017|152646|-6316|8728|11532N
13052017|152648|-5728|6192|12224N
13052017|152650|-5328|5552|11924N
13052017|152652|-6900|7800|13084N
13052017|152654|-5812|8284|14620N
13052017|152656|-4772|8524|14644N
13052017|152658|-7344|6884|21032N
13052017|152700|-5820|4964|11576N
13052017|152702|-5848|5944|14352N
13052017|152704|-6320|7984|12844N
13052017|152706|-5964|6348|15404N
13052017|152708|-6832|6572|13772N
13052017|152710|-6164|6768|12756N
13052017|152712|-6864|6504|12860N
13052017|152714|-5856|10552|7768N
13052017|152716|1380|15148|-3524N
13052017|152718|1764|15184|-7248N
13052017|152720|-10384|12008|-4632N
13052017|152723|-6716|1508|-32768N
13052017|152725|-80|15020|-9880N
13052017|152727|-4|11900|-17284N
13052017|152729|-660|13636|-14752N
13052017|152731|-4268|15012|-7280N
13052017|152733|-3268|14400|-6824N
13052017|152735|-3180|15144|-6220N
13052017|152737|-4172|14156|-7640N
13052017|152739|-3580|12688|-6168N
13052017|152741|-1884|15732|-6332N
13052017|152743|208|13976|-5284N
13052017|152745|2288|14052|-6540N
13052017|152747|920|15260|-6060N
13052017|152749|2920|15084|-6476N
13052017|152751|308|15180|-5324N
13052017|152753|-416|15796|-4588N
13052017|152755|-1160|15792|-2300N
13052017|152757|-3020|12628|-6812N
13052017|152759|-2268|13648|-7448N
13052017|152801|-2436|14396|-6796N
13052017|152803|-3196|15048|-5728N
13052017|152805|-2832|15032|-5648N
13052017|152807|-3232|15064|-5432N
13052017|152809|-3864|14924|-4776N
13052017|152811|-4532|11504|-8180N
13052017|152813|-1628|15388|-5036N
13052017|152815|1096|32284|8212N
13052017|152817|9176|5980|-2076N
13052017|152819|-2192|15976|-2984N
13052017|152821|5040|15188|-3052N
13052017|152823|4652|15348|-3224N
13052017|152825|4684|15156|-2876N
13052017|152828|-8256|15440|-2400N
13052017|152830|-13540|10324|2752N
13052017|152832|2476|8316|-1456N
13052017|152834|-640|13000|-2052N
13052017|152836|-10452|19792|-2340N
13052017|152838|-3496|15572|-4344N
13052017|152840|2060|16904|-2476N
13052017|152842|3400|15372|-2492N
13052017|152844|4768|15224|-2772N
13052017|152846|2780|16288|-2064N
13052017|152848|3364|15856|-1956N
13052017|152850|-3824|17084|-368N
13052017|152852|-1788|21768|2840N
13052017|152854|-2480|14332|-5440N
13052017|152856|4540|15204|-580N
13052017|152858|2128|12268|-1468N
13052017|152900|1924|7472|2256N
13052017|152902|-1332|15732|-3848N
13052017|152904|3904|15424|-2544N
13052017|152907|4252|15964|-1160N
13052017|152909|4316|15748|-1056N
13052017|152911|4836|15480|-1288N
13052017|152913|5060|15060|-1304N
13052017|152915|3888|15444|-2092N
13052017|152917|4224|15796|-1680N
13052017|152919|1876|15608|-3684N
13052017|152921|2476|15944|-2512N
13052017|152923|2832|15976|-1516N
13052017|152925|3408|16400|-1940N
13052017|152927|3224|15512|-3480N
13052017|152929|3912|15348|-4012N
13052017|152931|3620|15332|-4072N
13052017|152933|3204|15632|-4264N
13052017|152935|0|16260|-3556N
13052017|152937|320|15884|-1676N
13052017|152939|3324|15564|-692N
13052017|152941|2236|15988|-932N
13052017|152943|-6380|19872|2632N
13052017|152945|-13188|16316|-616N
13052017|152947|-3460|14640|-4848N
13052017|152949|-2892|12932|-1616N
13052017|152951|-1200|14688|-844N
13052017|152953|2344|16244|-1676N
13052017|152955|360|15696|-1528N
13052017|152957|3540|15776|-572N
13052017|152959|-1136|16296|-1740N
13052017|153001|-3428|15904|-3128N
13052017|153003|-2648|13956|-3440N
13052017|153005|-4040|14216|-268N
13052017|153007|2644|22028|-920N
13052017|153009|-748|14300|-6640N
13052017|153012|-8812|14724|416N
13052017|153014|-6356|16164|3912N
13052017|153016|1996|16916|2032N
13052017|153018|348|17992|-12912N
13052017|153020|288|12724|-12808N
13052017|153022|920|8060|-252N
13052017|153024|4308|19244|-3568N
13052017|153026|-3712|12868|-728N
13052017|153028|-10364|14672|-1236N
13052017|153030|-10056|15868|-2068N
13052017|153032|-900|20092|-1112N
13052017|153034|3896|15380|3140N
13052017|153036|4456|15348|2572N
13052017|153038|2148|15936|2200N
13052017|153040|752|16700|-672N
13052017|153042|748|16220|-1808N
13052017|153044|2256|16136|784N
13052017|153046|2456|16452|564N
13052017|153048|192|15736|1772N
13052017|153050|-164|16532|1184N
13052017|153052|124|17132|1356N
13052017|153054|-704|16056|1636N
13052017|153056|-468|16116|1616N
13052017|153058|-2264|15440|-2552N
13052017|153100|-1256|16088|-2296N
13052017|153102|-2276|16152|-1456N
13052017|153104|-1872|16284|-1292N
13052017|153106|-1884|15636|-1672N
13052017|153108|-752|13464|-1576N
13052017|153110|1964|16132|-1596N
13052017|153112|3700|16076|-1208N
13052017|153114|2704|20632|-11500N
13052017|153117|-17848|30704|-17312N
13052017|153119|-800|-1032|-1868N
13052017|153121|68|17440|-8572N
13052017|153123|1404|16072|1396N
13052017|153125|1460|16316|1496N
13052017|153127|1436|16300|1212N
13052017|153129|1020|16300|1284N
13052017|153131|2056|16492|-1580N
13052017|153133|928|16172|-1680N
13052017|153135|412|16232|-1524N
13052017|153137|-936|16396|-1404N
13052017|153139|768|16448|996N
13052017|153141|-3068|15368|2704N
13052017|153143|-780|15916|752N
13052017|153145|-548|16504|-1812N
13052017|153147|-1044|16280|-1812N
13052017|153149|-988|15916|-1476N
13052017|153151|-1316|16236|-1460N
13052017|153153|-1108|16284|-1384N
13052017|153155|-984|16372|-1268N
13052017|153157|-852|16028|-996N
13052017|153159|60|15992|-260N
13052017|153201|364|16436|-16N
13052017|153203|-112|16500|-420N
13052017|153205|-600|16488|-112N
13052017|153207|-740|16092|-1644N
13052017|153209|-916|16444|-1284N
13052017|153211|580|16344|-1656N
13052017|153213|184|16480|-1164N
13052017|153215|232|15912|-1236N
13052017|153217|172|16360|-948N
13052017|153219|-32|15724|-880N
13052017|153222|796|16416|-1264N
13052017|153224|920|16372|-836N
13052017|153226|-1676|16304|-428N
13052017|153228|-6316|15132|80N
13052017|153230|-4216|15716|848N
13052017|153232|-2932|15520|3472N
13052017|153234|-1976|13452|1640N
13052017|153236|9100|-21392|10404N
13052017|153238|15968|-5004|27164N
13052017|153240|10648|16608|17624N
13052017|153242|4000|12880|7024N
13052017|153244|-3504|15308|6832N
13052017|153246|3212|15860|-292N
13052017|153248|4712|15488|-1260N
13052017|153250|3572|15844|-552N
13052017|153252|2468|16704|-1932N
13052017|153254|792|16444|-428N
13052017|153256|3172|15640|-868N
13052017|153258|4100|15696|-864N
13052017|153300|3160|15540|-1184N
13052017|153302|-1924|16004|368N
13052017|153304|-9700|12552|1804N
13052017|153306|384|17352|44N
13052017|153308|4612|15880|-904N
13052017|153310|4208|15864|-796N
13052017|153312|3744|16164|-192N
13052017|153314|4516|15764|-248N
13052017|153316|4096|15916|-192N
13052017|153318|3968|16064|-280N
13052017|153320|3920|16064|-336N
13052017|153322|3788|16136|-396N
13052017|153324|3776|15488|60N
13052017|153326|4316|15112|8N
13052017|153329|3864|15892|-732N
13052017|153331|976|16928|-484N
13052017|153333|972|16276|-144N
13052017|153335|1280|16448|-580N
13052017|153337|1432|16568|-468N
13052017|153339|2088|16672|-1012N
13052017|153341|3640|15976|-1424N
13052017|153343|3116|15580|-1392N
13052017|153345|3032|15700|-1620N
13052017|153347|2380|16176|-908N
13052017|153349|2380|16156|-1004N
13052017|153351|748|15824|856N
13052017|153353|-8188|24512|2620N
13052017|153355|456|16520|-672N
13052017|153357|2928|15772|-1168N
13052017|153359|-4040|13824|-2088N
13052017|153401|1636|14780|-2740N
13052017|153403|-864|17868|232N
13052017|153405|2552|16280|-1464N
13052017|153407|2544|16052|-816N
13052017|153409|1916|16500|-864N
13052017|153411|2104|15608|-224N
13052017|153413|1872|16568|-560N
13052017|153415|-6448|21324|3532N
13052017|153417|2124|19476|-1352N
13052017|153419|2788|-1052|-4952N
13052017|153422|2676|24356|-7252N
13052017|153424|3868|32767|-32768N
13052017|153426|-2492|9716|2628N
13052017|153428|3936|16108|-792N
13052017|153430|3148|15732|-488N
13052017|153432|-2472|15932|-1320N
13052017|153434|-456|18592|-1628N
13052017|153436|1540|16240|-2016N
13052017|153438|3004|16208|-1400N
13052017|153440|-4644|16052|-1144N
13052017|153442|-1668|15764|-1868N
13052017|153444|6944|18664|-2444N
13052017|153446|-5084|18164|10100N
13052017|153448|868|1528|-1244N
13052017|153450|-3004|-424|-2236N
13052017|153452|10420|32767|-8356N
13052017|153454|32767|-26904|-32768N
