03112016|123004|-6416|-4656|14308N
03112016|123006|2540|-12|16456N
03112016|123008|76|-1848|15980N
03112016|123010|76|-1824|16136N
03112016|123012|36|-1796|16064N
03112016|123014|-104|-2052|16012N
03112016|123016|32|-1836|15904N
03112016|123019|20|-1772|16116N
03112016|123021|-48|-1936|16028N
03112016|123023|68|-1948|16048N
03112016|123025|-60|-1824|15936N
03112016|123027|52|-1752|16068N
03112016|123029|-64|-1912|15984N
03112016|123031|64|-2004|15680N
03112016|123033|184|-1692|16180N
03112016|123035|40|-1876|15928N
03112016|123037|12|-1932|16120N
03112016|123039|40|-1932|15976N
03112016|123041|92|-1772|15960N
03112016|123043|176|-1912|15928N
03112016|123045|-12|-2012|15972N
03112016|123047|44|-1884|16000N
03112016|123049|48|-1884|16020N
03112016|123051|16|-1800|16028N
03112016|123053|72|-1828|15960N
03112016|123055|32|-1912|15912N
03112016|123057|-8|-1868|16048N
03112016|123059|4|-1808|16004N
03112016|123101|108|-1820|15824N
03112016|123103|-252|-1900|15808N
03112016|123105|-240|-1768|16196N
03112016|123107|28|-1788|15960N
03112016|123109|0|-1844|16052N
03112016|123111|76|-1852|16076N
03112016|123113|40|-1900|15964N
03112016|123115|64|-1756|15936N
03112016|123117|84|-1808|16192N
03112016|123119|124|-1884|15852N
03112016|123121|28|-1980|16048N
03112016|123123|-16|-1900|16008N
03112016|123125|12|-1864|16000N
03112016|123127|0|-1812|16108N
03112016|123129|76|-1920|16028N
03112016|123131|-44|-1836|16020N
03112016|123133|40|-1816|15996N
03112016|123135|-56|-1928|15952N
03112016|123137|-108|-1884|15952N
03112016|123139|-68|-1872|15740N
03112016|123141|48|-1864|15984N
03112016|123143|88|-1748|15960N
03112016|123145|24|-1772|16116N
03112016|123148|-128|-1836|16024N
03112016|123150|8|-1776|15916N
03112016|123152|40|-1916|16032N
03112016|123154|32|-1800|15940N
03112016|123156|-32|-1824|15928N
03112016|123158|100|-1896|15980N
03112016|123200|24|-1848|15920N
03112016|123202|-8|-1784|15928N
03112016|123204|56|-1848|15940N
03112016|123206|-32|-1948|15988N
03112016|123208|68|-1912|16012N
03112016|123210|28|-1812|15908N
03112016|123212|32|-1848|16032N
03112016|123214|-152|-1908|16156N
03112016|123216|11560|-2080|11200N
03112016|123218|10508|-2704|12300N
03112016|123220|-92|-1888|15964N
03112016|123222|-96|-1944|16032N
03112016|123224|-48|-2004|15992N
03112016|123226|8|-2056|15996N
03112016|123228|-192|-2080|16052N
03112016|123230|-120|-2028|15908N
03112016|123232|-100|-1996|15964N
03112016|123234|-92|-1880|15980N
03112016|123236|-172|-2032|15984N
03112016|123238|-228|-2020|16024N
03112016|123240|-80|-2028|15980N
03112016|123242|-32|-1968|16036N
03112016|123244|-68|-1908|16012N
03112016|123246|-260|-1980|16128N
03112016|123248|-20|-2052|15920N
03112016|123250|-208|-1976|16028N
03112016|123252|-76|-2044|16048N
03112016|123254|-100|-1980|15884N
03112016|123256|-84|-1964|16060N
03112016|123258|-224|-1932|16116N
03112016|123300|-64|-2060|15968N
03112016|123302|-160|-1900|15900N
03112016|123304|-192|-1836|16016N
03112016|123306|-236|-2024|15888N
03112016|123308|-156|-1928|16096N
03112016|123310|-92|-2140|15884N
03112016|123312|-200|-2000|16108N
03112016|123314|-32|-1944|15984N
03112016|123316|-120|-2008|16028N
03112016|123319|-112|-1980|15952N
03112016|123321|-120|-2004|16008N
03112016|123323|-136|-1908|15924N
03112016|123325|-140|-2156|16200N
03112016|123327|-180|-1968|15940N
03112016|123329|-196|-1976|16032N
03112016|123331|-180|-2044|15920N
03112016|123333|-152|-1996|15940N
03112016|123335|-52|-1904|16052N
03112016|123337|-84|-2012|16012N
03112016|123339|-252|-2000|16056N
03112016|123341|-108|-2000|16052N
03112016|123343|-92|-2088|16056N
03112016|123345|-192|-1996|15980N
03112016|123347|-92|-1948|15924N
03112016|123349|-88|-1996|15944N
03112016|123351|-212|-1948|16012N
03112016|123353|-124|-2052|16016N
03112016|123355|-152|-1968|15952N
03112016|123357|-80|-1964|15976N
03112016|123359|-148|-2032|15952N
03112016|123401|-52|-2048|15864N
03112016|123403|-48|-1984|15992N
03112016|123405|-80|-2136|15920N
03112016|123407|-96|-1948|15944N
03112016|123409|-152|-2032|16056N
03112016|123411|-96|-1892|15928N
03112016|123413|-132|-2016|15992N
03112016|123415|-144|-2020|16016N
03112016|123417|-64|-2012|15984N
03112016|123419|-28|-2028|16044N
03112016|123421|-120|-2032|16136N
03112016|123423|-88|-1924|16060N
03112016|123425|-28|-2064|16084N
03112016|123427|-104|-1940|15976N
03112016|123429|-224|-2016|15836N
03112016|123431|-128|-2044|15920N
03112016|123433|-40|-2000|15972N
03112016|123435|-124|-2036|15916N
03112016|123437|-28|-1912|15912N
03112016|123439|-228|-2056|16036N
03112016|123441|-80|-1980|15876N
03112016|123443|-112|-1892|15984N
03112016|123446|-156|-2068|15984N
03112016|123448|-112|-1964|16120N
03112016|123450|-80|-2012|15872N
03112016|123452|-84|-2080|15928N
03112016|123454|-88|-2032|15952N
03112016|123456|-108|-1976|16004N
03112016|123458|-184|-1940|15972N
03112016|123500|-148|-2056|16004N
03112016|123502|-124|-1944|15820N
03112016|123504|-60|-1948|16028N
03112016|123506|-180|-2024|15888N
03112016|123508|-136|-2072|15980N
03112016|123510|-56|-2024|16160N
03112016|123512|-116|-1980|16016N
03112016|123514|-180|-2048|15804N
03112016|123516|-160|-2000|16000N
03112016|123518|-148|-2024|15992N
03112016|123520|-40|-2012|16000N
03112016|123522|-76|-2000|15972N
03112016|123524|-64|-1984|15928N
03112016|123526|-60|-1944|16032N
03112016|123528|-12|-1896|16024N
03112016|123530|-116|-2036|15908N
03112016|123532|-140|-1924|15912N
03112016|123534|-124|-1940|15888N
03112016|123536|-68|-1948|16000N
03112016|123538|-128|-1848|16152N
03112016|123540|-116|-1936|16044N
03112016|123542|-96|-2020|16048N
03112016|123544|-64|-1972|16140N
03112016|123546|-68|-2012|16076N
03112016|123548|-132|-1960|16008N
03112016|123550|-152|-1988|16036N
03112016|123552|-180|-1964|16024N
03112016|123554|-152|-1984|15932N
03112016|123556|-116|-2020|16052N
03112016|123558|-52|-2020|16016N
03112016|123600|-144|-1920|15908N
03112016|123602|-92|-1988|15972N
03112016|123604|-248|-1976|16008N
03112016|123606|8|-1860|15952N
03112016|123608|-8|-1960|15944N
03112016|123610|-148|-2096|15988N
03112016|123612|-108|-1948|16056N
03112016|123614|-152|-1996|16068N
03112016|123617|-100|-1968|15924N
03112016|123619|-212|-2064|15968N
03112016|123621|-40|-2036|16012N
03112016|123623|-112|-1920|15800N
03112016|123625|-48|-1988|16088N
03112016|123627|-192|-2032|15912N
03112016|123629|-112|-2012|16124N
03112016|123631|-832|-5064|15544N
03112016|123633|-1160|-2572|15584N
03112016|123635|-888|-2332|15768N
03112016|124353|-1216|-2152|15984N
03112016|124508|-548|-1704|15908N
03112016|124510|452|-3716|15672N
03112016|124512|-56|-2416|15944N
03112016|124514|-28|-2280|16160N
03112016|124516|-68|-2312|16040N
03112016|124518|-64|-2268|16064N
03112016|124520|-80|-2340|16084N
03112016|124522|196|-2400|15964N
03112016|124524|-88|-2228|15944N
03112016|124526|4|-2356|15988N
03112016|124528|-16|-2216|16196N
03112016|124530|-32|-2356|16072N
03112016|124532|16|-2224|15960N
03112016|124540|-16|-2260|16000N
03112016|124542|48|-2200|15852N
03112016|124544|-80|-2284|15940N
03112016|124546|-116|-2368|16000N
03112016|124548|-96|-2184|15976N
03112016|124550|-104|-2304|16032N
03112016|124552|-96|-2272|15996N
03112016|124554|-76|-2240|15996N
03112016|124556|-120|-2240|15964N
03112016|124558|-172|-2232|15972N
03112016|124559|24|-2188|16004N
03112016|124601|-132|-2184|15988N
03112016|124604|-68|-2240|16044N
03112016|124606|-76|-2288|15952N
03112016|124608|-68|-2252|15892N
03112016|124610|-104|-2388|15884N
03112016|124612|-128|-2248|16056N
03112016|124614|64|-2288|16052N
03112016|124616|-80|-2152|16076N
03112016|124618|-116|-2280|15896N
03112016|124620|-20|-2228|16180N
03112016|124622|-72|-2228|16028N
03112016|124624|-136|-2280|15952N
03112016|124626|-16|-2236|15964N
03112016|124628|-76|-2184|15960N
03112016|124630|-128|-2192|16020N
03112016|124632|-72|-2172|16060N
03112016|124634|-48|-2252|15836N
03112016|124636|-4|-2152|15892N
03112016|124638|-36|-2188|15976N
03112016|124640|-92|-2224|15896N
03112016|124642|-16|-2196|16076N
03112016|124644|-124|-2228|15892N
03112016|124646|-84|-2268|15872N
03112016|124648|-48|-2088|15948N
03112016|124650|-48|-2280|16028N
03112016|124652|-124|-2256|16104N
03112016|124654|-96|-2132|16000N
03112016|124656|-120|-2264|15960N
03112016|124658|-36|-2252|16040N
03112016|124700|-28|-2116|16040N
03112016|124702|1304|-2852|16124N
03112016|124704|-892|-1172|16144N
03112016|125035|-912|-384|16136N
03112016|125037|-916|-448|16152N
03112016|125039|-940|-436|16152N
03112016|125041|-988|-420|16148N
03112016|125043|-832|-428|16072N
03112016|125045|-916|-520|16188N
03112016|125047|-836|-444|16136N
03112016|125049|-1048|-508|16212N
03112016|125051|-940|-524|16184N
03112016|125053|-912|-580|16152N
03112016|125055|-852|-492|16288N
03112016|192614|244|-8|15892N
03112016|192616|268|204|15920N
03112016|192619|172|112|16104N
03112016|192621|-92|292|16088N
03112016|192730|-1516|-1164|15772N
03112016|192742|-1524|-1616|15704N
03112016|192744|-1232|-1148|15704N
03112016|192746|-1408|-1120|15696N
03112016|192748|-1320|-1176|15676N
03112016|192750|-1164|-980|15908N
03112016|192752|-1176|-1048|15696N
03112016|192754|-1092|-844|15728N
03112016|192756|-1140|-780|15824N
03112016|192758|-1280|-912|15900N
03112016|192800|-1208|-588|15772N
03112016|192802|-1088|-568|15680N
03112016|192804|-1116|-600|15728N
03112016|192806|-1352|-560|15752N
03112016|192808|-1260|-696|15844N
03112016|192810|-1040|-492|15768N
03112016|192812|-1084|-444|15756N
03112016|192814|-1092|-384|15752N
03112016|192816|-952|-232|15860N
03112016|192818|-1120|-416|15908N
03112016|192820|-1104|-388|15796N
03112016|192822|-1016|-496|15928N
03112016|192824|-992|-272|15800N
03112016|192826|-968|-360|15848N
03112016|192828|-1044|-404|15900N
03112016|192830|-1060|-336|15936N
03112016|192832|-980|-360|15672N
03112016|192834|-1052|-312|15844N
03112016|192837|-1036|-324|15820N
03112016|192839|-1076|-280|15760N
03112016|192841|-996|-296|15836N
03112016|192843|-1112|-432|15760N
03112016|192845|-1060|-440|15788N
03112016|192847|-1188|-500|15604N
03112016|192849|-960|-668|15752N
03112016|192851|-684|-68|15696N
03112016|192853|-1072|-408|15800N
03112016|192855|-972|-588|15836N
03112016|192857|-1036|-424|15784N
03112016|192859|-928|-304|16116N
03112016|192901|-972|-412|15872N
03112016|192903|-884|-464|15788N
03112016|192905|-988|-416|15844N
03112016|192907|-1680|-1028|15372N
03112016|192909|-1036|-424|15728N
03112016|192911|-972|-500|15560N
03112016|192913|-1120|-608|15588N
03112016|192915|-832|-496|15892N
03112016|192917|-748|-440|15984N
03112016|192919|-1032|-508|15936N
03112016|192921|-916|-572|15632N
03112016|192923|-916|-544|15708N
03112016|192925|-932|-400|15764N
03112016|192927|-884|-460|15744N
03112016|192929|-920|-492|15788N
03112016|192931|-1020|-252|15876N
03112016|192933|-908|-392|15764N
03112016|192935|-900|-360|15684N
03112016|192937|-908|-492|15892N
03112016|192939|-896|-448|15828N
03112016|192941|-908|-456|15772N
03112016|192943|-956|-480|15744N
03112016|192945|-884|-480|15720N
03112016|192947|-608|-576|15368N
03112016|192949|-916|-408|15732N
03112016|192951|-972|-368|15552N
03112016|193011|-1544|-964|15716N
03112016|193013|-1140|-1236|15672N
03112016|193015|-1180|-1224|15980N
03112016|193017|-4176|984|13240N
03112016|193019|-2756|3600|13896N
03112016|193021|-2576|6456|15092N
03112016|193023|-4000|1544|16124N
03112016|193025|1764|6128|13504N
03112016|193027|-10444|10128|7544N
03112016|193029|-2660|14852|7732N
03112016|193031|-6680|13296|7056N
03112016|193033|-6544|12084|8288N
03112016|193035|-11216|12720|4844N
03112016|193037|-17208|3768|1856N
03112016|193039|-15248|4028|3368N
03112016|193041|-15952|1544|2964N
03112016|193043|-15896|336|3564N
03112016|193045|-15456|-1724|3868N
03112016|193047|-11100|1316|11140N
03112016|193049|-8428|476|14748N
03112016|193051|-8852|1676|13164N
03112016|193053|-6852|200|15068N
03112016|193055|-488|4172|15764N
03112016|193057|-344|6940|13200N
03112016|193059|-956|7184|14040N
03112016|193101|-6268|5212|15372N
03112016|193103|2352|14828|4608N
03112016|193105|1240|16540|3020N
03112016|193107|408|14972|444N
03112016|193109|-348|16868|2676N
03112016|193111|-356|7996|13092N
03112016|193113|336|7228|15488N
03112016|193115|1672|5292|15232N
03112016|193117|1124|3840|16036N
03112016|193119|-804|5088|15208N
03112016|193121|44|4044|15588N
03112016|193123|2364|15080|3748N
03112016|193125|-1048|14568|6720N
03112016|193127|-1388|16028|-284N
03112016|193129|-2060|14588|6620N
03112016|193132|-1448|15100|4536N
03112016|193134|-2624|13192|8860N
03112016|193136|-112|16212|1372N
03112016|193138|-1388|16392|784N
03112016|193140|-340|14788|3652N
03112016|193142|360|16328|1252N
03112016|193144|60|16052|76N
03112016|193146|388|16060|4684N
03112016|193148|1336|12816|4276N
03112016|193150|7220|13316|2620N
03112016|193152|9596|13340|-3124N
03112016|193154|8972|12816|2696N
03112016|193156|8828|13656|-1272N
03112016|193158|8264|13792|2440N
03112016|193200|6404|12780|6472N
03112016|193202|2376|13652|8468N
03112016|193204|4688|15792|8N
03112016|193206|2660|15536|1964N
03112016|193208|-1668|13496|1580N
03112016|193210|5120|15488|516N
03112016|193212|3316|14632|-5516N
03112016|193214|7568|13980|-2512N
03112016|193216|5548|15636|-1656N
03112016|193218|8700|13276|-7640N
03112016|193220|5532|14384|-4956N
03112016|193222|1816|16744|-140N
03112016|193224|4844|15252|-3868N
03112016|193226|-1016|16352|-2100N
03112016|193228|-988|16280|-3608N
03112016|193230|-9220|9056|-7556N
03112016|193232|-2388|14468|7284N
03112016|193234|-2544|15352|4904N
03112016|193236|-2488|14020|8080N
03112016|193238|-6740|15236|1776N
03112016|193240|-11496|11572|5180N
03112016|193242|-9476|12116|8872N
03112016|193244|-4812|4156|17136N
03112016|193246|-7792|3808|13324N
03112016|193248|-6120|424|14532N
03112016|193250|-5008|1760|13800N
03112016|193252|-5608|2160|14648N
03112016|193254|-5408|3628|16112N
03112016|193256|5772|2692|14796N
03112016|193258|-2784|9992|-10824N
03112016|193301|-7676|8312|-10468N
03112016|193303|-6868|9412|-14268N
03112016|193305|-11176|12196|4032N
03112016|193307|-12148|9944|-396N
03112016|193309|-11476|11248|1308N
03112016|193311|-12208|9512|1580N
03112016|193313|236|4836|14996N
03112016|193315|-48|6892|17896N
03112016|193317|-1232|10100|16596N
03112016|193319|-8952|11176|-15108N
03112016|193321|4404|-3680|-15316N
03112016|193323|4632|-3900|-17112N
03112016|193325|5720|-4580|-14040N
03112016|193327|6336|-13760|-11720N
03112016|193329|4628|-11144|-11272N
03112016|193331|-1516|-11896|-11848N
03112016|193333|-5644|8756|-11720N
03112016|193335|-7964|9620|-11428N
03112016|193337|-6112|11972|-10292N
03112016|193339|-9248|4884|-5932N
03112016|193341|-4396|7136|-16696N
03112016|193343|-2544|-524|-16372N
03112016|193345|3556|-2804|-16104N
03112016|193347|4368|-3056|-16328N
03112016|193349|4940|-2496|-15980N
03112016|193351|1944|3776|-16444N
03112016|193353|4240|2172|-16352N
03112016|193355|5180|-3144|-17260N
03112016|193357|9140|-1776|-14252N
03112016|193359|5536|-308|-15812N
03112016|193401|8568|-5840|-372N
03112016|193403|8532|184|-14996N
03112016|193405|10596|-5452|-13200N
03112016|193407|14284|-5036|-7512N
03112016|193409|14496|-2764|-6832N
03112016|193411|13104|-960|-9752N
03112016|193413|15776|1168|-8368N
03112016|193415|16956|3272|-2432N
03112016|193417|15660|564|-3464N
03112016|193419|3376|-3520|-18464N
03112016|193421|5084|-3992|-15972N
03112016|193423|5024|-3072|-16432N
03112016|193425|5380|-4204|-15520N
03112016|193428|4760|-5344|-16572N
03112016|193430|4496|-4108|-17336N
03112016|193432|5136|-4844|-15268N
03112016|193434|5000|-4472|-15552N
03112016|193436|4812|-264|-16428N
03112016|193438|3356|-4676|-16224N
03112016|193440|8104|-6268|-13244N
03112016|193442|5444|-2376|-15324N
03112016|193444|4740|-1936|-16412N
03112016|193446|2964|-2184|-16980N
03112016|193448|-5512|-12292|6628N
03112016|193450|-8612|-2868|12144N
03112016|193452|-4404|-7788|12512N
03112016|193454|-8332|880|11624N
03112016|193456|-9360|9344|8940N
03112016|193458|11336|-7016|6680N
03112016|193500|6704|-7264|11332N
03112016|193502|2220|-264|18380N
03112016|193504|4404|-4216|14544N
03112016|193506|-6380|1584|10996N
03112016|193508|11804|4844|31636N
03112016|193510|952|248|15752N
03112016|193512|956|164|15628N
03112016|193514|840|188|15796N
03112016|193516|924|268|15736N
03112016|193518|868|228|15764N
03112016|193520|944|332|15640N
03112016|193522|872|256|15816N
03112016|193524|892|176|15624N
03112016|193526|780|284|15660N
03112016|193528|804|260|15660N
03112016|193530|908|212|15696N
03112016|193532|820|212|15776N
03112016|193534|872|184|15696N
03112016|193536|948|252|15716N
03112016|193538|808|248|16012N
03112016|193540|876|196|15640N
03112016|193542|828|180|15716N
03112016|193544|824|208|15792N
03112016|193546|896|192|15800N
03112016|193548|864|232|15712N
03112016|193550|844|196|15716N
03112016|193552|920|132|15780N
03112016|193554|832|320|15788N
03112016|193556|836|228|15636N
03112016|193559|952|204|15892N
03112016|193601|948|140|15716N
03112016|193603|1008|196|15696N
03112016|193605|844|196|15752N
03112016|193607|908|192|15736N
03112016|193609|932|220|15872N
03112016|193611|948|220|15756N
03112016|193613|868|260|15792N
03112016|193615|976|336|15708N
03112016|193617|876|232|15816N
03112016|193619|888|204|15848N
03112016|193621|896|208|15732N
03112016|193623|908|192|15732N
03112016|193625|904|160|15832N
03112016|193627|916|196|15736N
03112016|193629|900|240|15620N
03112016|193631|776|304|15784N
03112016|193633|804|240|15680N
03112016|193635|856|196|15792N
03112016|193637|872|228|15860N
03112016|193639|820|276|15708N
03112016|193641|884|272|15504N
03112016|193643|888|212|15696N
03112016|193645|856|200|15776N
03112016|193647|876|228|15812N
03112016|193649|924|220|15820N
03112016|193651|912|184|15708N
03112016|193653|896|244|15740N
03112016|193655|844|204|15760N
03112016|193657|948|172|15860N
03112016|193659|900|268|15836N
03112016|193701|872|240|15784N
03112016|193703|912|272|15752N
03112016|193705|948|228|15804N
03112016|193707|752|216|15748N
03112016|193709|936|228|15728N
03112016|193711|936|196|15732N
03112016|193713|956|208|15760N
03112016|193715|904|300|15800N
03112016|193717|948|248|15728N
03112016|193719|880|216|15772N
03112016|193721|912|324|15680N
03112016|193723|876|228|15912N
03112016|193725|908|292|15692N
03112016|193728|964|220|15908N
03112016|193730|948|164|15752N
03112016|193732|880|112|15952N
03112016|193734|1008|216|15704N
03112016|193736|912|252|15744N
03112016|193738|904|156|15856N
03112016|193740|860|264|15772N
03112016|193742|844|260|15824N
03112016|193744|756|288|15728N
03112016|193746|860|272|15816N
03112016|193748|924|168|15856N
03112016|193750|1012|320|15780N
03112016|193752|872|172|15920N
03112016|193754|860|228|15824N
03112016|193756|748|236|15756N
03112016|193758|828|132|15664N
03112016|193800|872|308|15756N
03112016|193802|892|280|15936N
03112016|193804|788|212|15724N
03112016|193806|788|208|15728N
03112016|193808|888|284|15664N
03112016|193810|920|188|15752N
03112016|193812|812|288|15860N
03112016|193814|880|280|15780N
03112016|193816|840|136|15740N
03112016|193818|992|196|15824N
03112016|193820|836|248|15844N
03112016|193822|968|252|15708N
03112016|193824|860|160|15828N
03112016|193826|832|220|15948N
03112016|193828|840|140|15720N
03112016|193830|928|180|15720N
03112016|193832|888|248|15788N
03112016|193834|948|136|15844N
03112016|193836|996|268|15756N
03112016|193838|920|260|15776N
03112016|193840|912|240|15724N
03112016|193842|888|180|15744N
03112016|193844|884|220|15832N
03112016|193846|880|248|15864N
03112016|193848|904|140|15720N
03112016|193850|844|248|15748N
03112016|193852|816|128|15928N
03112016|193855|928|264|15736N
03112016|193857|900|196|15828N
03112016|193859|856|184|15788N
03112016|193901|908|220|15748N
03112016|193903|884|208|15856N
03112016|193905|852|268|15744N
03112016|193907|960|248|15872N
03112016|193909|944|164|15684N
03112016|193911|904|200|15864N
03112016|193913|920|176|15716N
03112016|193915|944|248|15896N
03112016|193917|904|252|15780N
03112016|193919|912|268|15892N
03112016|193921|884|220|15732N
03112016|193923|904|192|15628N
03112016|193925|820|276|15820N
03112016|193927|968|264|15760N
03112016|193929|900|240|15880N
03112016|193931|-1280|-624|15648N
03112016|193933|-4268|4500|17084N
03112016|193935|-2324|-824|16436N
03112016|193937|-13948|4872|496N
03112016|193939|-2632|-88|16256N
03112016|193941|-700|-1144|16644N
03112016|193943|1012|-2696|14468N
03112016|193945|-13260|-9844|-3184N
03112016|193947|-15808|-1024|-4848N
03112016|193949|-2260|-1300|15576N
03112016|193951|-4164|-352|16752N
03112016|193953|-11604|888|10564N
03112016|193955|-5952|4744|13872N
03112016|193956|-4288|7636|10752N
03112016|193957|9932|8228|8164N
03112016|193959|-2076|5760|15988N
03112016|194001|-2052|7676|12976N
03112016|194003|-660|5588|14936N
03112016|194005|-6260|4064|9380N
03112016|194007|-2008|4796|12168N
03112016|194009|4636|10124|5076N
03112016|194011|2776|5672|14508N
03112016|194013|5288|13184|8028N
03112016|194015|8244|9924|10012N
03112016|194017|2728|5360|14556N
03112016|194019|-600|3756|15544N
03112016|194021|-760|3100|15440N
03112016|194023|-588|3732|15516N
03112016|194025|2980|-1196|15132N
03112016|194027|3368|3536|15196N
03112016|194029|2364|2844|15716N
03112016|194031|-2000|-108|15588N
03112016|194033|-688|3104|15340N
03112016|194035|8776|12200|8184N
03112016|194037|4124|5336|-10688N
03112016|194039|6284|14804|-2648N
03112016|194041|9612|10220|-7408N
03112016|194043|8632|13340|-2348N
03112016|194045|8892|13460|-2204N
03112016|194047|10004|12520|-3276N
03112016|194049|10364|12476|-3264N
03112016|194052|10328|12312|-3004N
03112016|194054|10524|12272|-3228N
03112016|194056|10444|12176|-3296N
03112016|194058|10476|12412|-3344N
03112016|194100|10212|11704|-2292N
03112016|194102|12324|10892|-4724N
03112016|194104|6744|11556|-7304N
03112016|194106|6640|14816|-3040N
03112016|194108|8428|14192|-6328N
03112016|194110|1228|14820|-10128N
03112016|194112|3468|12856|-10204N
03112016|194114|5012|11912|-9708N
03112016|194116|6304|14988|-1376N
03112016|194118|7928|13208|-4988N
03112016|194120|7260|13356|-6012N
03112016|194122|6504|13244|-4672N
03112016|194124|7736|14392|-3252N
03112016|194126|9596|12192|-5320N
03112016|194128|11108|11944|-8180N
03112016|194130|9628|12604|-5612N
03112016|194132|12544|9652|-10584N
03112016|194134|4416|17188|1224N
03112016|194136|9684|17656|-1244N
03112016|194138|7584|24896|2976N
03112016|194140|13152|7940|-3004N
03112016|194142|16616|18684|944N
03112016|194144|13236|12664|-3844N
03112016|194146|6076|12964|-16480N
03112016|194148|4312|7672|-15732N
03112016|194150|-15540|9448|-3604N
03112016|194152|764|2480|-11172N
03112016|194154|1212|1344|-13036N
03112016|194156|4204|6544|-11732N
03112016|194158|2740|2300|16708N
03112016|194200|376|6996|13484N
03112016|194202|5544|5796|14188N
03112016|194204|5192|6232|13512N
03112016|194206|3852|7620|14424N
03112016|194208|-336|9556|13428N
03112016|194210|1372|3516|16456N
03112016|194212|1444|6156|14200N
03112016|194214|5644|8832|10752N
03112016|194216|3968|7836|11356N
03112016|194218|4572|8188|-10160N
03112016|194221|5492|8720|-14984N
03112016|194223|5788|9096|-12992N
03112016|194225|6468|8572|-14668N
03112016|194227|5596|8228|-13856N
03112016|194229|5808|7904|-13736N
03112016|194231|5644|8072|-13480N
03112016|194233|5884|8024|-13512N
03112016|194235|5988|8292|-13352N
03112016|194237|4724|9092|-13168N
03112016|194239|5592|9728|-13208N
03112016|194241|5464|11084|-10356N
03112016|194243|6936|9744|-12212N
03112016|194245|6404|9760|-12824N
03112016|194247|5524|9868|-12352N
03112016|194249|6164|10476|-10936N
03112016|194251|3932|8692|-13964N
03112016|194253|5244|9452|-8652N
03112016|194255|5996|9820|-12124N
03112016|194257|6144|9684|-12176N
03112016|194259|6008|9632|-12300N
03112016|194301|6208|9684|-12348N
03112016|194303|6536|9568|-12412N
03112016|194305|6124|9588|-12332N
03112016|194307|6792|9752|-12060N
03112016|194309|5320|10840|-13204N
03112016|194311|3652|11540|-12136N
03112016|194313|3820|11324|-11764N
03112016|194315|3808|11616|-11664N
03112016|194317|3804|11460|-11580N
03112016|194319|3704|11536|-11484N
03112016|194321|3320|6652|-5668N
03112016|194323|7128|10772|-10872N
03112016|194325|6928|7464|17592N
03112016|194327|3328|-1456|13956N
03112016|194329|1652|-1732|15568N
03112016|194331|1652|-1756|15584N
03112016|194333|1588|-1736|15524N
03112016|194335|1508|-1768|15592N
03112016|194337|1592|-1688|15708N
03112016|194339|1536|-1712|15804N
03112016|194341|1572|-1652|15660N
03112016|194343|1564|-1736|15532N
03112016|194345|1532|-1660|15668N
03112016|194348|1464|-1700|15608N
03112016|194350|1624|-1672|15636N
03112016|194352|1436|-1684|15472N
03112016|194354|1500|-1680|15668N
03112016|194356|1516|-1732|15524N
03112016|194358|1432|-1656|15620N
03112016|194400|1512|-1608|15680N
03112016|194402|1392|-1700|15564N
03112016|194404|1544|-1724|15792N
03112016|194406|1504|-1508|15748N
03112016|194408|1524|-1692|15624N
03112016|194410|1588|-1772|15744N
03112016|194412|1404|-1740|15688N
03112016|194414|1576|-1700|15768N
03112016|194416|1544|-1680|15836N
03112016|194418|1560|-1688|15648N
03112016|194420|1512|-1676|15612N
03112016|194422|1488|-1692|15584N
03112016|194424|1468|-1596|15604N
03112016|194426|1496|-1724|15716N
03112016|194428|1468|-1708|15652N
03112016|194430|1452|-1660|15712N
03112016|194432|1552|-1612|15584N
03112016|194434|1504|-1744|15680N
03112016|194436|1472|-1692|15688N
03112016|194438|1488|-1672|15708N
03112016|194440|1512|-1780|15640N
03112016|194442|1436|-1732|15692N
03112016|194444|1544|-1700|15560N
03112016|194446|1464|-1704|15660N
03112016|194448|1396|-1596|15640N
03112016|194450|1596|-1552|15808N
03112016|194452|1456|-1700|15604N
03112016|194454|1568|-1612|15712N
03112016|194456|5916|-2956|18072N
03112016|194458|17564|5900|-4760N
03112016|194500|7028|8536|-21144N
03112016|194502|6428|7868|-13332N
03112016|194504|6348|7836|-13464N
03112016|194506|6196|7980|-13472N
03112016|194508|6292|7784|-13580N
03112016|194510|6184|7732|-13380N
03112016|194512|6236|7736|-13608N
03112016|194514|6312|7516|-13696N
03112016|194517|5240|7056|-14340N
03112016|194519|5808|6900|-14000N
03112016|194521|5428|6952|-14272N
03112016|194523|5332|6924|-14324N
03112016|194525|1448|3488|-13068N
03112016|194527|5208|6292|-14752N
03112016|194529|5012|5884|-15032N
03112016|194531|4820|4916|-15668N
03112016|194533|5624|4528|-14936N
03112016|194535|3996|5392|-15828N
03112016|194537|2988|4056|-16288N
03112016|194539|3716|4840|-15972N
03112016|194541|4468|5568|-15120N
03112016|194543|4812|5496|-14216N
03112016|194545|4780|5968|-15096N
03112016|194547|6140|5956|-14884N
03112016|194549|6008|6268|-13848N
03112016|194551|5488|6512|-14716N
03112016|194553|5008|4384|-15408N
03112016|194555|5860|5660|-14616N
03112016|194557|1856|1176|-15588N
03112016|194559|17060|5728|-11252N
03112016|194601|3728|272|-14896N
03112016|194603|6440|3540|-14760N
03112016|194605|6992|248|-15060N
03112016|194607|2452|1836|-15868N
03112016|194609|2192|776|-16848N
03112016|194611|-1464|-764|-16744N
03112016|194613|-1872|-1684|-16504N
03112016|194615|-1020|-1736|-16844N
03112016|194617|-620|-1608|-16928N
03112016|194619|-924|-1280|-16856N
03112016|194621|-348|-1460|-17156N
03112016|194623|-588|-1280|-16728N
03112016|194625|-264|-1380|-16788N
03112016|194627|-600|-968|-16756N
03112016|194629|5136|-500|-16424N
03112016|194631|-2096|1096|-16400N
03112016|194633|-452|3064|-16448N
03112016|194635|6836|8624|-24184N
03112016|194637|4068|3688|-15288N
03112016|194639|3380|4500|-17444N
03112016|194641|-252|-4424|-16052N
03112016|194644|456|-3992|-16472N
03112016|194646|516|-3992|-16532N
03112016|194647|572|-3976|-16360N
03112016|194649|-192|-3888|-17236N
03112016|194651|628|-3836|-16440N
03112016|194653|480|-3888|-16412N
03112016|194656|564|-3876|-16396N
03112016|194658|552|-3876|-16364N
03112016|194700|660|-3972|-16584N
03112016|194702|12196|11176|964N
03112016|194704|852|-2292|16864N
03112016|194706|4716|2992|11516N
03112016|194708|2724|3120|12808N
03112016|194709|396|-10448|11684N
03112016|194711|5100|-3960|13068N
03112016|194713|-5612|-392|14780N
03112016|194716|-3372|1656|13164N
03112016|194718|-3256|1952|15452N
03112016|194720|-1188|308|15696N
03112016|194722|-1288|284|15804N
03112016|194724|-1224|248|15884N
03112016|194726|-1268|200|15924N
03112016|194728|-1240|256|15796N
03112016|194730|-1248|344|15872N
03112016|194732|-1160|300|15844N
03112016|194734|-1208|228|15908N
03112016|194736|-1232|372|15964N
03112016|194738|-1248|128|15560N
03112016|194740|-1184|184|16012N
03112016|194742|-1456|576|15960N
03112016|194744|-1220|112|15840N
03112016|194746|8|-128|15760N
03112016|194748|800|-1256|15424N
03112016|194750|732|-2240|15020N
03112016|194752|-1900|-320|15824N
03112016|194754|-1548|-156|16016N
03112016|194756|-1056|-1844|16152N
03112016|194758|-1376|-1272|15880N
03112016|194800|-1536|-932|15912N
03112016|194802|-2352|-360|15692N
03112016|194804|-1436|-1200|15508N
03112016|194806|-2484|428|15532N
03112016|194808|-2156|-140|15768N
03112016|194810|-1864|-360|15892N
03112016|194812|-1912|-404|15788N
03112016|194814|-1916|-436|15912N
03112016|194816|-1760|-532|15584N
03112016|194818|-1408|-588|15484N
03112016|194820|-1784|-192|15744N
03112016|194822|-1836|-140|15764N
03112016|194824|-1828|-168|15908N
03112016|194826|-1952|-324|15860N
03112016|194828|-2064|-284|15776N
03112016|194830|-2060|-216|15768N
03112016|194832|-1896|-212|15880N
03112016|194834|-1944|-256|15908N
03112016|194836|-1876|-204|15732N
03112016|194838|-1932|-264|15948N
03112016|194840|-1852|-112|15868N
03112016|194843|-1888|-128|15732N
03112016|194845|-1920|-168|15832N
03112016|194847|-1856|-232|15568N
03112016|194849|-1896|-124|15856N
03112016|194851|-1828|-212|15828N
03112016|194853|-1864|-156|15700N
03112016|194855|-1788|-176|15804N
03112016|194857|-1952|-196|15832N
03112016|194859|-1852|-160|15768N
03112016|194901|-1976|-136|15676N
03112016|194903|-1884|-228|15792N
03112016|194905|-1888|-220|15768N
03112016|194907|-1840|-176|15944N
03112016|194909|-1920|-156|15696N
03112016|194911|-2084|-260|15672N
03112016|194913|-2116|-300|15788N
03112016|194915|-2004|-196|15736N
03112016|194917|-2056|-180|15744N
03112016|194919|-2976|-108|16392N
03112016|194921|-2536|-44|15712N
03112016|194923|-2096|-252|15788N
03112016|194925|-2200|-84|15624N
03112016|194927|-2132|-232|15744N
03112016|194929|-2100|-320|15776N
03112016|194931|-1320|1064|15736N
03112016|194933|-2368|156|15672N
03112016|194935|-2348|156|15808N
03112016|194937|-2344|116|15832N
03112016|194939|-2384|64|15836N
03112016|194941|-2368|88|15780N
03112016|194943|-2344|164|15660N
03112016|194945|-2292|320|15884N
03112016|194947|-2244|212|15732N
03112016|194949|-2228|156|15852N
03112016|194951|-2368|76|15656N
03112016|194953|-2292|64|15756N
03112016|194955|-2356|176|15768N
03112016|194957|-2332|32|15780N
03112016|194959|-2332|104|15580N
03112016|195001|-2340|100|15840N
03112016|195003|-2212|80|15720N
03112016|195005|-2256|192|15872N
03112016|195007|-2340|28|15800N
03112016|195010|-2320|140|15728N
03112016|195012|-2296|140|15780N
03112016|195014|-2360|-36|15716N
03112016|195016|-2384|184|15820N
03112016|195018|-2296|172|15708N
03112016|195020|-2324|116|15884N
03112016|195022|-2424|236|15756N
03112016|195024|-2328|112|15928N
03112016|195026|-2440|68|15828N
03112016|195028|-2300|180|15688N
03112016|195030|-2360|144|15684N
03112016|195032|-2328|116|15784N
03112016|195034|-2304|196|15780N
03112016|195036|-2308|144|15736N
03112016|195038|-2280|28|15768N
03112016|195040|-2360|192|15708N
03112016|195042|-2436|96|15808N
03112016|195044|-2276|20|15688N
03112016|195046|-2304|108|15728N
03112016|195048|-2284|116|15920N
03112016|195050|-2428|104|15764N
03112016|195052|-2380|32|15728N
03112016|195054|-2328|-12|15744N
03112016|195056|-2412|84|15812N
03112016|195058|-2360|52|15884N
03112016|195100|-2336|180|15916N
03112016|195102|-2380|16|15852N
03112016|195104|-2288|84|15784N
03112016|195106|-2336|216|15896N
03112016|195108|-2332|76|15788N
03112016|195110|-2324|116|15656N
03112016|195112|-2256|-20|15740N
03112016|195114|-2264|76|15744N
03112016|195116|-2368|132|15796N
03112016|195118|-2340|20|15632N
03112016|195120|-2400|64|15724N
03112016|195122|-2300|132|15776N
03112016|195124|-2376|264|15720N
03112016|195126|-2316|28|15776N
03112016|195128|-2344|20|15880N
03112016|195130|-2316|8|15812N
03112016|195132|-2300|80|15688N
03112016|195135|-2336|100|15732N
03112016|195137|-2336|4|15752N
03112016|195139|-2324|84|15800N
03112016|195141|-2300|64|15704N
03112016|195143|-2368|164|15848N
03112016|195145|-2188|92|15724N
03112016|195147|-2368|136|15764N
03112016|195149|-2352|64|15784N
03112016|195151|-2368|48|15824N
03112016|195153|-2420|128|15676N
03112016|195155|-2372|124|15876N
03112016|195157|-2224|88|15764N
03112016|195159|-2364|76|15652N
03112016|195201|-2360|172|15676N
03112016|195203|-2248|36|15660N
03112016|195205|-2376|100|15728N
03112016|195207|-2368|120|15700N
03112016|195209|-2336|72|15748N
03112016|195211|-2352|56|15832N
03112016|195213|-2324|64|15660N
03112016|195215|-2508|84|15840N
03112016|195217|-2316|-36|15740N
03112016|195219|-2376|32|15852N
03112016|195221|-2384|-8|15724N
03112016|195223|-2288|84|15760N
03112016|195225|-2428|16|15780N
03112016|195227|-2524|72|15984N
03112016|195229|-2396|-40|15832N
03112016|195231|-2360|-76|15916N
03112016|195233|-2344|-52|15832N
03112016|195235|-2336|8|15888N
03112016|195237|-2332|-116|15872N
03112016|195239|-2348|-24|15748N
03112016|195241|-2288|-24|15748N
03112016|195243|-2300|32|15740N
03112016|195245|-2360|0|15784N
03112016|195247|-2268|-56|15784N
03112016|195249|-2360|0|15888N
03112016|195251|-2260|-40|15796N
03112016|195254|-2272|48|15692N
03112016|195256|-2244|32|15792N
03112016|195258|-2332|-16|15692N
03112016|195300|-2328|84|15836N
03112016|195302|-2340|24|15836N
03112016|195304|-2284|4|15612N
03112016|195306|-2344|44|15660N
03112016|195308|-2400|-12|15948N
03112016|195310|-2384|64|15756N
03112016|195312|-2260|52|15792N
03112016|195314|-2248|24|15792N
03112016|195316|-2284|88|15736N
03112016|195318|-2300|44|15992N
03112016|195320|-2256|-24|15748N
03112016|195322|-2288|-12|15932N
03112016|195324|-2332|80|15856N
03112016|195326|-2268|24|15832N
03112016|195328|-2236|32|15892N
03112016|195330|-2360|68|15800N
03112016|195332|-2240|8|15704N
03112016|195334|-2220|56|15776N
03112016|195336|-2280|24|15704N
03112016|195338|-2336|52|15904N
03112016|195340|-2296|-12|15728N
03112016|195342|-2312|24|15716N
03112016|195344|-2344|76|15776N
03112016|195346|-2308|28|15680N
03112016|195348|-2284|4|15896N
03112016|195350|-2280|12|15904N
03112016|195352|-2380|-16|15676N
03112016|195354|-2352|76|15888N
03112016|195356|-2264|112|15728N
03112016|195358|-2280|84|15652N
03112016|195400|-2332|32|15912N
03112016|195402|-2236|116|15884N
03112016|195404|-2288|44|15768N
03112016|195406|-2328|32|15760N
03112016|195408|-2200|36|15796N
03112016|195411|-2312|44|15824N
03112016|195413|-2360|40|15868N
03112016|195415|-2332|20|15828N
03112016|195417|-2268|84|15864N
03112016|195419|-2424|8|15824N
03112016|195421|-2336|52|15656N
03112016|195423|-2344|-52|15796N
03112016|195425|-2300|-4|15876N
03112016|195427|-2204|-12|15708N
03112016|195429|-2360|84|15784N
03112016|195431|-2376|52|15768N
03112016|195433|-2296|68|15660N
03112016|195435|-2332|88|15800N
03112016|195437|-2312|-32|15820N
03112016|195439|-2352|32|15904N
03112016|195441|-2284|-28|15700N
03112016|195443|-2312|84|15736N
03112016|195445|-2220|28|15708N
03112016|195447|-2400|-112|15908N
03112016|195449|-2208|68|15804N
03112016|195451|-2304|-56|15732N
03112016|195453|-2408|4|15832N
03112016|195455|-2332|-24|15832N
03112016|195457|-2360|60|15836N
03112016|195459|-2288|20|15808N
03112016|195501|-2228|32|15748N
03112016|195503|-2428|-28|15640N
03112016|195505|-2232|-32|15796N
03112016|195507|-2312|84|15880N
03112016|195509|-2372|36|15796N
03112016|195511|-2328|64|15780N
03112016|195513|-2368|32|15796N
03112016|195515|-2376|4|15764N
03112016|195517|-2372|144|15792N
03112016|195519|-2268|-16|15960N
03112016|195521|-2372|32|15740N
03112016|195523|-2124|-4|15856N
03112016|195525|-2244|36|15792N
03112016|195527|-2388|76|15800N
03112016|195530|-2236|24|15812N
03112016|195532|-2348|40|15804N
03112016|195534|-2332|-20|16004N
03112016|195536|-2356|20|15684N
03112016|195538|-2300|92|15860N
03112016|195540|-2392|76|15768N
03112016|195542|-2360|60|15696N
03112016|195544|-2416|44|15972N
03112016|195546|-2276|16|15708N
03112016|195548|-2360|-32|15780N
03112016|195550|-2336|20|15844N
03112016|195552|-2336|52|15736N
03112016|195554|-2288|-44|15860N
03112016|195556|-2276|96|15788N
03112016|195558|-2352|-60|15816N
03112016|195600|-2352|64|15860N
03112016|195602|-2384|-24|15800N
03112016|195604|-2368|-60|15868N
03112016|195606|-2344|36|15740N
03112016|195608|-2344|-68|15684N
03112016|195610|-2360|-16|15824N
03112016|195612|-2276|52|15712N
03112016|195614|-2368|48|15872N
03112016|195616|-2404|64|15740N
03112016|195618|-2296|96|15788N
03112016|195620|-2384|20|15764N
03112016|195622|-2300|52|15920N
03112016|195624|-2376|28|15804N
03112016|195626|-2268|44|15772N
03112016|195628|-2344|52|15804N
03112016|195630|-2336|12|15888N
03112016|195632|-2344|12|15668N
03112016|195634|-2380|56|15744N
03112016|195636|-2312|40|15820N
03112016|195638|-2504|-36|15948N
03112016|195640|-2352|28|15760N
03112016|195642|-2352|20|15700N
03112016|195644|-2284|60|15716N
03112016|195646|-2452|100|15840N
03112016|195649|-2364|56|15844N
03112016|195651|-2380|84|15852N
03112016|195653|-2404|92|15876N
03112016|195655|-2212|56|15780N
03112016|195657|-2356|0|15840N
03112016|195659|-2448|52|15664N
03112016|195701|-2256|52|15640N
03112016|195703|-2188|84|15744N
03112016|195705|-2344|20|15736N
03112016|195707|-2356|20|15804N
03112016|195709|-2468|64|15912N
03112016|195711|-2380|28|15792N
03112016|195713|-2360|64|15704N
03112016|195715|-2312|32|15804N
03112016|195717|-2296|28|15844N
03112016|195719|-2408|52|15708N
03112016|195721|-2364|36|15872N
03112016|195723|-2308|112|15772N
03112016|195725|-2360|72|15876N
03112016|195727|-2284|-16|15776N
03112016|195729|-2292|-88|15840N
03112016|195731|-2220|104|15864N
03112016|195733|-2344|-12|15896N
03112016|195735|-2424|76|15944N
03112016|195737|-2344|28|15748N
03112016|195739|-2328|64|15784N
03112016|195741|-2400|32|15752N
03112016|195743|-2344|-32|15824N
03112016|195745|-2308|28|15800N
03112016|195747|-2388|44|15752N
03112016|195749|-2364|-76|15684N
03112016|195751|-2284|28|15780N
03112016|195753|-2248|92|15828N
03112016|195755|-2428|84|15944N
03112016|195757|-2380|36|15836N
03112016|195759|-2316|-28|15880N
03112016|195801|-2352|76|15796N
03112016|195803|-2324|8|15880N
03112016|195805|-2284|140|15708N
03112016|195808|-2356|52|15868N
03112016|195810|-2348|100|15840N
03112016|195812|-2356|76|15740N
03112016|195814|-2316|16|15844N
03112016|195816|-2376|60|15884N
03112016|195818|-2324|8|15912N
03112016|195820|-2416|72|15728N
03112016|195822|-2320|-44|15696N
03112016|195824|-2220|-72|15876N
03112016|195826|-2384|80|15864N
03112016|195828|-2292|-24|15688N
03112016|195830|-2444|0|15828N
03112016|195832|-2336|160|15804N
03112016|195834|-2308|0|15724N
03112016|195836|-2312|96|15592N
03112016|195838|-2316|60|15816N
03112016|195840|-2344|68|15832N
03112016|195842|-2308|-48|15760N
03112016|195844|-2236|20|15780N
03112016|195846|-2292|-8|15768N
03112016|195848|-2308|84|15684N
03112016|195850|-2296|36|15792N
03112016|195852|-2396|76|15760N
03112016|195854|-2332|44|15880N
03112016|195856|-2348|88|15924N
03112016|195858|-2368|8|15960N
03112016|195900|-2420|40|15892N
03112016|195902|-2356|-4|15780N
03112016|195904|-2304|20|15820N
03112016|195906|-2348|12|15740N
03112016|195908|-2268|44|15848N
03112016|195910|-2368|76|15856N
03112016|195912|-2468|60|15812N
03112016|195914|-2496|-76|15860N
03112016|195916|-2360|-52|15716N
03112016|195918|-2316|72|15664N
03112016|195920|-2396|20|15732N
03112016|195922|-2408|48|15620N
03112016|195924|-2380|108|15808N
03112016|195926|-2320|24|15676N
03112016|195929|-2336|80|15784N
03112016|195931|-2304|36|15816N
03112016|195933|-2300|52|15764N
03112016|195935|-2276|52|15840N
03112016|195937|-2300|-40|15744N
03112016|195939|-2448|36|15840N
03112016|195941|-2324|60|15808N
03112016|195943|-2336|32|15596N
03112016|195945|-2352|0|15784N
03112016|195947|-2284|104|15720N
03112016|195949|-2416|112|15820N
03112016|195951|-2356|116|15860N
03112016|195953|-2300|0|15988N
03112016|195955|-2384|52|15876N
03112016|195957|-2384|200|15796N
03112016|195959|-2348|76|15684N
03112016|200001|-2304|140|15820N
03112016|200003|-2356|24|15708N
03112016|200005|-2336|92|15844N
03112016|200007|-2368|-48|15904N
03112016|200009|-2324|-156|15776N
03112016|200011|-2324|-64|15860N
03112016|200013|-2400|140|16000N
03112016|200015|-2264|104|15848N
03112016|200017|-2400|136|15696N
03112016|200019|-2412|-40|15844N
03112016|200021|-2256|-24|15776N
03112016|200023|-2360|52|15720N
03112016|200025|-2284|84|15804N
03112016|200027|-2444|80|15824N
03112016|200029|-2352|76|15836N
03112016|200031|-2300|60|15944N
03112016|200033|-2380|124|15780N
03112016|200035|-2232|60|15880N
03112016|200037|-2276|52|15776N
03112016|200039|-2264|16|15780N
03112016|200041|-2448|28|15948N
03112016|200044|-2284|-20|15720N
03112016|200046|-2288|76|15828N
03112016|200048|-2436|-36|15812N
03112016|200050|-2400|-80|15784N
03112016|200052|-2304|36|15940N
03112016|200054|-2280|52|15908N
03112016|200056|-2316|48|16004N
03112016|200058|-2300|-4|15904N
03112016|200100|-2444|52|15840N
03112016|200102|-2324|40|15876N
03112016|200104|-2364|40|15768N
03112016|200106|-2280|48|15792N
03112016|200108|-2400|56|15896N
03112016|200110|-2356|76|15864N
03112016|200112|-2384|60|15784N
03112016|200114|-2404|12|15880N
03112016|200116|-2316|20|15696N
03112016|200118|-2292|-8|15712N
03112016|200120|-2236|20|15836N
03112016|200122|-2332|92|15792N
03112016|200124|-2364|76|15908N
03112016|200126|-2336|52|15820N
03112016|200128|-2316|8|15932N
03112016|200130|-2332|60|15972N
03112016|200132|-1768|36|15900N
03112016|200134|-1972|104|16000N
03112016|200136|-1848|136|15864N
03112016|200138|-1980|60|15804N
03112016|200140|-2148|24|15892N
03112016|200142|-1908|48|15768N
03112016|200144|-1968|-232|15756N
03112016|200146|-1988|16|15780N
03112016|200148|-2084|56|15832N
03112016|200150|-2092|84|15884N
03112016|200152|-1920|-56|15732N
03112016|200154|-2100|68|15904N
03112016|200156|-2024|84|15800N
03112016|200158|-2032|64|15908N
03112016|200200|-2004|-24|15988N
03112016|200203|-2004|-40|15896N
03112016|200205|-2044|-8|15832N
03112016|200207|-2052|44|15860N
03112016|200209|-2020|-56|15892N
03112016|200211|-2040|-112|15824N
03112016|200213|-2032|-80|15828N
03112016|200215|-1980|-64|15948N
03112016|200217|-2128|24|15760N
03112016|200219|-2040|156|15756N
03112016|200221|-2072|68|15928N
03112016|200223|-2040|108|15824N
03112016|200225|-2052|40|15952N
03112016|200227|-1960|-96|15824N
03112016|200229|-1932|-92|15912N
03112016|200231|-2004|-76|15932N
03112016|200233|-2012|-124|15848N
03112016|200235|-1976|-64|15820N
03112016|200237|-2044|56|15884N
03112016|200239|-1944|116|15820N
03112016|200241|-1988|8|15852N
03112016|200243|-2036|8|15908N
03112016|200245|-1972|-48|15792N
03112016|200247|-1952|24|15924N
03112016|200249|-2016|8|15820N
03112016|200251|-1968|-44|15904N
03112016|200253|-2048|-4|15964N
03112016|200255|-1956|140|15880N
03112016|200257|-2032|-4|15952N
03112016|200259|-2112|-32|16064N
03112016|200301|-1992|60|16056N
03112016|200303|-2044|-28|15848N
03112016|200305|-1984|8|15932N
03112016|200307|-1908|-20|15828N
03112016|200309|-2024|-12|15780N
03112016|200311|-2068|-52|15804N
03112016|200313|-2028|-36|15780N
03112016|200315|-2056|-72|15808N
03112016|200317|-2040|-4|15880N
03112016|200319|-1988|-76|15916N
03112016|200321|-2016|-20|15696N
03112016|200324|-2044|72|15732N
03112016|200326|-2036|28|15756N
03112016|200328|-2076|24|15804N
03112016|200330|-1992|-164|15796N
03112016|200332|-1948|48|15744N
03112016|200334|-2064|-52|16020N
03112016|200336|-1956|-80|15912N
03112016|200338|-1972|-92|15688N
03112016|200340|-1956|84|15740N
03112016|200342|-1980|92|15816N
03112016|200344|-2100|28|15772N
03112016|200346|-2056|48|15904N
03112016|200348|-2012|-28|15944N
03112016|200350|-2044|-12|15804N
03112016|200352|-1944|28|15740N
03112016|200354|-1992|8|15876N
03112016|200356|-1876|-68|15940N
03112016|200358|-1880|-116|15856N
03112016|200400|-2108|112|15820N
03112016|200402|-1952|60|15860N
03112016|200404|-2092|32|15832N
03112016|200406|-2044|28|15788N
03112016|200408|-2040|12|15776N
03112016|200410|-2024|-72|15744N
03112016|200412|-2124|-52|15924N
03112016|200414|-1928|-56|15848N
03112016|200416|-2008|-108|15744N
03112016|200418|-2052|-40|15788N
03112016|200420|-1988|0|15904N
03112016|200422|-2076|-24|15760N
03112016|200424|-1980|-92|15756N
03112016|200426|-2052|0|15884N
03112016|200428|-1960|-68|15920N
03112016|200430|-2028|68|15820N
03112016|200432|-2040|20|15788N
03112016|200434|-2088|24|15936N
03112016|200436|-2092|-52|15732N
03112016|200438|-1972|-56|15932N
03112016|200440|-1992|24|15920N
03112016|200442|-2068|-24|15748N
03112016|200445|-1908|-36|15956N
03112016|200447|-1924|-24|15824N
03112016|200449|-1984|-132|15916N
03112016|200451|-1952|-8|15864N
03112016|200453|-2044|8|15776N
03112016|200455|-1992|24|15952N
03112016|200457|-2076|-116|15860N
03112016|200459|-2008|56|15896N
03112016|200501|-2076|-80|15812N
03112016|200503|-1900|-80|15876N
03112016|200505|-2092|28|15772N
03112016|200507|-2048|-24|15728N
03112016|200509|-1968|-16|15896N
03112016|200511|-2000|-32|16020N
03112016|200513|-1928|44|16020N
03112016|200515|-1920|-44|15872N
03112016|200517|-2036|8|15804N
03112016|200519|-2000|-8|15956N
03112016|200521|-2156|-12|15900N
03112016|200523|-2036|0|15752N
03112016|200525|-1996|12|15872N
03112016|200527|-1988|-80|15716N
03112016|200529|-2028|92|15880N
03112016|200531|-2044|28|15880N
03112016|200533|-2056|-28|15860N
03112016|200535|-2088|88|15792N
03112016|200537|-2016|16|15820N
03112016|200539|-2100|-60|15880N
03112016|200541|-2012|-88|15904N
03112016|200543|-1988|-44|15900N
03112016|200545|-2132|-100|15732N
03112016|200547|-1968|-44|15732N
03112016|200549|-2016|28|15796N
03112016|200551|-2076|-32|15696N
03112016|200553|-1992|12|15796N
03112016|200555|-1976|36|15932N
03112016|200557|-1976|-52|15776N
03112016|200559|-2032|-8|15844N
03112016|200601|-2000|32|15744N
03112016|200604|-2052|72|15784N
03112016|200606|-2060|-56|15856N
03112016|200608|-1892|-24|15860N
03112016|200610|-2116|-12|15836N
03112016|200612|-2024|-104|15920N
03112016|200614|-1956|-32|15836N
03112016|200616|-2028|-48|15932N
03112016|200618|-1940|8|15888N
03112016|200620|-1988|44|15856N
03112016|200622|-1852|-244|15944N
03112016|200624|-2592|308|15836N
03112016|200626|-2764|520|16212N
03112016|200628|-2216|92|15828N
03112016|200630|-2068|-60|15844N
03112016|200632|-2096|0|15676N
03112016|200634|-1908|32|15896N
03112016|200636|-2016|-20|15904N
03112016|200638|-1972|-164|15840N
03112016|200640|-2032|32|15912N
03112016|200642|-1968|-4|15864N
03112016|200644|-2076|196|15884N
03112016|200646|-2044|4|15888N
03112016|200648|-2008|-96|15840N
03112016|200650|-2048|-116|15884N
03112016|200652|-2008|36|15780N
03112016|200654|-1996|56|15920N
03112016|200656|-2064|84|15836N
03112016|200658|-1996|-28|15768N
03112016|200700|-1924|-76|15792N
03112016|200702|-2000|-4|15920N
03112016|200704|-1984|20|15764N
03112016|200706|-1932|52|15736N
03112016|200708|-2004|56|15728N
03112016|200710|-1952|20|15856N
03112016|200712|-1928|-44|15852N
03112016|200714|-2004|80|15872N
03112016|200716|-1964|-60|15864N
03112016|200718|-2048|-24|15848N
03112016|200720|-1928|0|16048N
03112016|200723|-2024|-48|15828N
03112016|200725|-2068|48|15792N
03112016|200727|-1992|-164|15920N
03112016|200729|-2076|-168|15792N
03112016|200731|-1940|8|15836N
03112016|200733|-2004|64|15816N
03112016|200735|-1944|-20|15820N
03112016|200737|-1984|16|15988N
03112016|200739|-1892|36|15784N
03112016|200741|-2064|8|15892N
03112016|200743|-2036|-68|15828N
03112016|200745|-2124|16|15976N
03112016|200747|-1984|-88|15880N
03112016|200749|-2028|-52|15768N
03112016|200751|-2072|-76|15896N
03112016|200753|-2044|-20|15708N
03112016|200755|-2000|-16|15784N
03112016|200757|-1972|84|15724N
03112016|200759|-1976|-112|15852N
03112016|200801|-2040|-28|15896N
03112016|200803|-2008|88|15916N
03112016|200805|-1996|-20|15672N
03112016|200807|-2136|4|15784N
03112016|200809|-2232|-88|15832N
03112016|200811|-2020|52|15932N
03112016|200813|-1928|-68|15900N
03112016|200815|-1984|8|15860N
03112016|200817|-1976|-16|15972N
03112016|200819|-2048|-36|15820N
03112016|200821|-1952|44|15868N
03112016|200823|-2040|-8|15972N
03112016|200825|-2028|-60|15836N
03112016|200827|-2056|-48|15820N
03112016|200829|-2048|8|15720N
03112016|200831|-2044|68|15900N
03112016|200833|-2012|40|15932N
03112016|200835|-2060|16|15844N
03112016|200838|-2060|0|15800N
03112016|200840|-2032|-96|15796N
03112016|200842|-2140|96|15904N
03112016|200844|-2128|-12|15812N
03112016|200846|-2140|40|15840N
03112016|200848|-2068|-16|15848N
03112016|200850|-1944|-60|15812N
03112016|200852|-1996|40|15936N
03112016|200854|-1908|0|15692N
03112016|200856|-1988|-32|15752N
03112016|200858|-1896|-4|15740N
03112016|200900|-2136|24|15896N
03112016|200902|-2068|88|15860N
03112016|200904|-2024|-88|15868N
03112016|200906|-2052|4|15704N
03112016|200908|-1856|-1180|19240N
03112016|200910|8256|-10164|6076N
03112016|200912|464|764|16136N
03112016|200914|1028|-1112|15952N
03112016|200916|1148|-816|15996N
03112016|200918|916|-728|15816N
03112016|200920|992|-760|16028N
03112016|200922|1108|-540|15644N
03112016|200924|1460|-668|15952N
03112016|200926|1364|-620|15920N
03112016|200928|1408|-628|15876N
03112016|200930|1380|-660|15868N
03112016|200932|1372|-644|15852N
03112016|200934|1440|-664|15808N
03112016|200936|1388|-652|15996N
03112016|200938|1168|-724|15944N
03112016|200940|1484|-708|15900N
03112016|200942|1348|-684|15844N
03112016|200944|1484|-644|15884N
03112016|200946|1440|-708|15984N
03112016|200948|1408|-572|16056N
03112016|200950|1364|-720|15888N
03112016|200952|1556|-612|15940N
03112016|200955|1480|-720|15920N
03112016|200957|1520|-728|15936N
03112016|200959|1264|-788|15904N
03112016|201001|1344|-860|15916N
03112016|201003|1316|-792|15940N
03112016|201005|1268|-984|15888N
03112016|201007|1412|-884|16056N
03112016|201009|1352|-672|15832N
03112016|201011|1272|-868|15884N
03112016|201013|1304|-836|16036N
03112016|201015|1264|-844|15936N
03112016|201017|1192|-868|15980N
03112016|201019|1356|-780|15888N
03112016|201021|1328|-836|15872N
03112016|201023|1260|-852|15944N
03112016|201025|1420|-896|15936N
03112016|201027|1316|-932|15928N
03112016|201029|1296|-960|15960N
03112016|201031|1272|-928|16092N
03112016|201033|1312|-948|15868N
03112016|201035|1280|-780|15776N
03112016|201037|1228|-812|15968N
03112016|201039|1276|-908|16116N
03112016|201041|1328|-880|15796N
03112016|201043|1384|-892|15832N
03112016|201045|1284|-848|15892N
03112016|201047|1348|-904|15836N
03112016|201049|1428|-916|15752N
03112016|201051|1292|-824|16036N
03112016|201053|1324|-868|15828N
03112016|201055|1236|-908|15968N
03112016|201057|1312|-924|15784N
03112016|201059|1248|-828|15892N
03112016|201101|1220|-888|15824N
03112016|201103|1284|-776|15888N
03112016|201105|1324|-884|15928N
03112016|201107|1372|-912|16016N
03112016|201109|1320|-904|15944N
03112016|201111|1284|-828|15880N
03112016|201114|1424|-760|15956N
03112016|201116|1400|-860|16176N
03112016|201118|1280|-924|15796N
03112016|201120|1412|-844|15928N
03112016|201122|1232|-952|15736N
03112016|201124|1260|-968|15820N
03112016|201126|1204|-860|15932N
03112016|201128|1364|-864|15884N
03112016|201130|1216|-856|15932N
03112016|201132|1392|-912|15896N
03112016|201134|1316|-968|15844N
03112016|201136|1324|-928|15960N
03112016|201138|1292|-824|16016N
03112016|201140|1332|-796|15928N
03112016|201142|1228|-828|15976N
03112016|201144|1300|-844|15772N
03112016|201146|1524|-948|15952N
03112016|201148|1212|-932|15944N
03112016|201150|1340|-896|15752N
03112016|201152|1184|-920|15948N
03112016|201154|1356|-936|15940N
03112016|201156|1236|-932|15884N
03112016|201158|1288|-872|15764N
03112016|201200|1320|-960|15916N
03112016|201202|1384|-912|15780N
03112016|201204|1436|-896|15916N
03112016|201206|1260|-972|15996N
03112016|201208|1340|-848|16016N
03112016|201210|1324|-892|15900N
03112016|201212|1364|-948|15864N
03112016|201214|1336|-856|15824N
03112016|201216|1292|-852|15956N
03112016|201218|1308|-908|15944N
03112016|201220|1252|-824|15984N
03112016|201222|1304|-892|16116N
03112016|201224|1308|-896|15872N
03112016|201226|1400|-1024|16004N
03112016|201228|1380|-892|15864N
03112016|201230|1328|-940|16016N
03112016|201233|1260|-900|15820N
03112016|201235|1300|-988|15812N
03112016|201237|1356|-924|15844N
03112016|201239|1300|-884|16060N
03112016|201241|1272|-916|15816N
03112016|201243|1332|-964|15852N
03112016|201245|1284|-820|16012N
03112016|201247|1308|-872|16056N
03112016|201249|1352|-1004|15896N
03112016|201251|1308|-860|15856N
03112016|201253|1312|-816|15812N
03112016|201255|1316|-876|15896N
03112016|201257|1248|-912|15980N
03112016|201259|1276|-932|15960N
03112016|201301|1500|-864|15900N
03112016|201303|1332|-960|15724N
03112016|201305|1292|-872|15852N
03112016|201307|1292|-904|15964N
03112016|201309|1372|-936|16100N
03112016|201311|1340|-960|15900N
03112016|201313|1236|-892|16024N
03112016|201315|1352|-908|15848N
03112016|201317|1316|-956|15872N
03112016|201319|1272|-952|16024N
03112016|201321|1192|-928|16084N
03112016|201323|1356|-884|15992N
03112016|201325|1372|-900|15928N
03112016|201327|1276|-904|15940N
03112016|201329|1292|-812|15912N
03112016|201331|1436|-924|16040N
03112016|201333|1364|-844|15964N
03112016|201335|1344|-856|16000N
03112016|201337|1288|-892|15952N
03112016|201339|1272|-940|15832N
03112016|201341|1364|-932|15964N
03112016|201343|1448|-944|15860N
03112016|201345|1296|-912|15832N
03112016|201347|1416|-848|15928N
03112016|201349|1472|-908|15992N
03112016|201352|1312|-852|15856N
03112016|201354|1300|-840|15988N
03112016|201356|1272|-856|15916N
03112016|201358|1328|-948|15872N
03112016|201400|1212|-952|15912N
03112016|201402|1316|-900|15932N
03112016|201404|1332|-932|15828N
03112016|201406|1276|-908|15896N
03112016|201408|1356|-952|15988N
03112016|201410|1448|-916|15976N
03112016|201412|1340|-972|15772N
03112016|201414|1300|-952|15936N
03112016|201416|1340|-920|15804N
03112016|201418|1296|-864|15940N
03112016|201420|1360|-940|15972N
03112016|201422|1308|-888|16012N
03112016|201424|1296|-852|16000N
03112016|201426|1240|-1028|15768N
03112016|201428|1336|-868|15940N
03112016|201430|1372|-844|15912N
03112016|201432|1340|-912|15884N
03112016|201434|1388|-884|15760N
03112016|201436|1364|-948|15880N
03112016|201438|1252|-928|15900N
03112016|201440|1416|-1000|16052N
03112016|201442|1228|-968|15896N
03112016|201444|1396|-864|15940N
03112016|201446|1324|-948|15804N
03112016|201448|1224|-984|15888N
03112016|201450|1388|-988|15896N
03112016|201452|1368|-856|16032N
03112016|201454|1360|-892|15944N
03112016|201456|1324|-940|15864N
03112016|201458|1304|-908|15928N
03112016|201500|1340|-1004|15984N
03112016|201502|1356|-904|15916N
03112016|201504|1336|-840|15876N
03112016|201506|1276|-932|15816N
03112016|201509|1360|-916|16040N
03112016|201511|1424|-936|15956N
03112016|201513|1372|-924|15888N
03112016|201515|1204|-896|16004N
03112016|201517|1348|-996|15868N
03112016|201519|1380|-892|15936N
03112016|201521|1356|-832|15928N
03112016|201523|1324|-880|15976N
03112016|201525|1384|-932|15976N
03112016|201527|1300|-1008|15896N
03112016|201529|1272|-964|16076N
03112016|201531|1308|-872|15916N
03112016|201533|1320|-884|16020N
03112016|201535|1308|-956|15984N
03112016|201537|1344|-880|16000N
03112016|201539|1220|-884|15844N
03112016|201541|1344|-1008|15692N
03112016|201543|1312|-964|16044N
03112016|201545|1320|-924|15880N
03112016|201547|1284|-896|15824N
03112016|201549|1256|-932|15756N
03112016|201551|1388|-936|15920N
03112016|201553|1324|-920|15832N
03112016|201555|1332|-916|15944N
03112016|201557|1288|-848|15908N
03112016|201559|1304|-948|15880N
03112016|201601|1348|-808|15916N
03112016|201603|1440|-884|15876N
03112016|201605|1288|-892|15896N
03112016|201607|1380|-836|15976N
03112016|201609|1344|-860|15980N
03112016|201611|1332|-952|15936N
03112016|201613|1428|-872|15952N
03112016|201615|1388|-872|15868N
03112016|201617|1308|-852|15840N
03112016|201619|1316|-872|15960N
03112016|201621|1264|-932|15952N
03112016|201623|1296|-924|16012N
03112016|201625|1268|-948|15892N
03112016|201628|1348|-936|15820N
03112016|201630|1328|-904|15844N
03112016|201632|1336|-920|15996N
03112016|201634|1316|-924|15932N
03112016|201636|1308|-964|15956N
03112016|201638|1356|-868|15876N
03112016|201640|1320|-928|15916N
03112016|201642|1364|-840|16004N
03112016|201644|1312|-864|15928N
03112016|201646|1312|-896|15908N
03112016|201648|1324|-988|15848N
03112016|201650|1356|-884|15804N
03112016|201652|1340|-944|15828N
03112016|201654|1312|-856|16004N
03112016|201656|1292|-888|15984N
03112016|201658|1376|-960|15988N
03112016|201700|1264|-848|15896N
03112016|201702|1284|-856|15864N
03112016|201704|1248|-968|15952N
03112016|201706|1304|-924|16008N
03112016|201708|1244|-880|15964N
03112016|201710|1272|-888|15940N
03112016|201712|1308|-920|15900N
03112016|201714|1324|-988|16060N
03112016|201716|1328|-892|15856N
03112016|201718|1312|-888|16040N
03112016|201720|1324|-912|16152N
03112016|201722|1332|-932|16004N
03112016|201724|1236|-784|15988N
03112016|201726|1280|-836|15964N
03112016|201728|1400|-860|15992N
03112016|201730|1328|-852|16020N
03112016|201732|1272|-852|15844N
03112016|201734|1412|-988|15904N
03112016|201736|1340|-948|15992N
03112016|201738|1268|-940|16024N
03112016|201740|1372|-996|15840N
03112016|201742|1336|-892|15976N
03112016|201744|1360|-980|15908N
03112016|201747|1372|-972|15960N
03112016|201749|1320|-900|15992N
03112016|201751|1404|-968|15856N
03112016|201753|1344|-832|15980N
03112016|201755|1364|-916|15952N
03112016|201757|1332|-928|15956N
03112016|201759|1364|-956|15900N
03112016|201801|1296|-936|15704N
03112016|201803|1152|-864|16060N
03112016|201805|1296|-920|15840N
03112016|201807|1304|-944|15764N
03112016|201809|1416|-892|15988N
03112016|201811|1388|-996|15968N
03112016|201813|1308|-852|15800N
03112016|201815|1240|-916|16052N
03112016|201817|1224|-984|15832N
03112016|201819|1364|-968|15844N
03112016|201821|1284|-824|15836N
03112016|201823|1280|-932|16092N
03112016|201825|1332|-932|16036N
03112016|201827|1332|-904|16024N
03112016|201829|1316|-976|15808N
03112016|201831|1360|-912|15820N
03112016|201833|1308|-872|15872N
03112016|201835|1308|-800|15952N
03112016|201837|1352|-940|15928N
03112016|201839|1272|-896|16124N
03112016|201841|1400|-832|15900N
03112016|201843|1388|-904|15960N
03112016|201845|1320|-864|15924N
03112016|201847|1316|-968|16076N
03112016|201849|1300|-912|15892N
03112016|201851|1352|-984|15768N
03112016|201853|1276|-892|15920N
03112016|201855|1248|-996|16008N
03112016|201857|1408|-1044|15944N
03112016|201859|1360|-864|15832N
03112016|201901|1352|-948|15912N
03112016|201903|1268|-844|15956N
03112016|201906|1260|-892|15964N
03112016|201908|1364|-880|15980N
03112016|201910|1392|-888|15888N
03112016|201912|1284|-916|15936N
03112016|201914|1404|-976|15776N
03112016|201916|1284|-908|16012N
03112016|201918|1240|-976|15896N
03112016|201920|1308|-944|15972N
03112016|201922|1396|-952|15992N
03112016|201924|1376|-956|15816N
03112016|201926|1280|-976|15876N
03112016|201928|1360|-936|15976N
03112016|201930|1288|-908|15960N
03112016|201932|1320|-928|15936N
03112016|201934|1352|-1004|16032N
03112016|201936|1388|-904|16004N
03112016|201938|1336|-840|15968N
03112016|201940|1344|-856|15776N
03112016|201942|1348|-944|15968N
03112016|201944|1260|-916|16048N
03112016|201946|1380|-916|15876N
03112016|201948|1372|-944|15744N
03112016|201950|1256|-916|15932N
03112016|201952|1324|-908|15932N
03112016|201954|1388|-984|15844N
03112016|201956|1360|-888|15824N
03112016|201958|1232|-892|15968N
03112016|202000|1316|-904|15908N
03112016|202002|1204|-972|15944N
03112016|202004|1280|-984|16036N
03112016|202006|1356|-904|15900N
03112016|202008|1256|-956|16028N
03112016|202010|1372|-908|15988N
03112016|202012|1440|-900|15960N
03112016|202014|1404|-1012|16060N
03112016|202016|1376|-988|15872N
03112016|202018|1268|-940|15744N
03112016|202021|1284|-1124|15892N
03112016|202023|1308|-896|15912N
03112016|202025|1280|-988|15912N
03112016|202027|1336|-980|15952N
03112016|202029|1292|-936|15996N
03112016|202031|1332|-904|15892N
03112016|202033|1304|-988|15928N
03112016|202035|1324|-868|15932N
03112016|202037|1348|-940|15880N
03112016|202039|1296|-956|15872N
03112016|202041|1384|-952|15872N
03112016|202043|1344|-928|15992N
03112016|202045|1404|-872|15944N
03112016|202047|1432|-948|15848N
03112016|202049|1284|-860|15748N
03112016|202051|1304|-968|16000N
03112016|202053|1396|-992|15828N
03112016|202055|1196|-932|15872N
03112016|202057|1396|-912|16036N
03112016|202059|1316|-868|15884N
03112016|202101|1364|-872|15848N
03112016|202103|1380|-920|15992N
03112016|202105|1400|-924|15896N
03112016|202107|1344|-868|15908N
03112016|202109|1408|-968|15904N
03112016|202111|1352|-936|15972N
03112016|202113|1340|-904|15884N
03112016|202115|1384|-876|15876N
03112016|202117|1424|-920|15956N
03112016|202119|1296|-936|16016N
03112016|202121|1348|-860|15860N
03112016|202123|1328|-952|16012N
03112016|202125|1368|-976|15944N
03112016|202127|1368|-996|15940N
03112016|202129|1260|-868|16160N
03112016|202131|1316|-844|15900N
03112016|202133|1388|-940|15980N
03112016|202135|1348|-948|15932N
03112016|202137|1376|-916|15916N
03112016|202140|1236|-984|15940N
03112016|202142|1368|-912|15828N
03112016|202144|1300|-928|15960N
03112016|202146|1404|-908|15912N
03112016|202148|1228|-820|15964N
03112016|202150|1288|-948|15892N
03112016|202152|1340|-888|16040N
03112016|202154|1332|-976|15972N
03112016|202156|1352|-936|15848N
03112016|202158|1288|-972|15924N
03112016|202200|1288|-1036|15960N
03112016|202202|1320|-908|15916N
03112016|202204|1364|-968|15868N
03112016|202206|1316|-876|15988N
03112016|202208|1372|-1016|15936N
03112016|202210|1288|-904|15908N
03112016|202212|1312|-960|15980N
03112016|202214|1300|-852|16004N
03112016|202216|1384|-900|15896N
03112016|202218|1408|-880|15988N
03112016|202220|1432|-1016|15832N
03112016|202222|1412|-864|16084N
03112016|202224|1264|-936|15928N
03112016|202226|1312|-968|16072N
03112016|202228|1320|-996|15968N
03112016|202230|1348|-880|15980N
03112016|202232|1332|-804|15948N
03112016|202234|1384|-996|15880N
03112016|202236|1248|-936|15900N
03112016|202238|1412|-952|15984N
03112016|202240|1336|-932|15912N
03112016|202242|1360|-892|15856N
03112016|202244|1396|-1000|15908N
03112016|202246|1288|-880|15832N
03112016|202248|1356|-936|15984N
03112016|202250|1328|-1028|15936N
03112016|202252|1364|-892|15908N
03112016|202254|1276|-956|16068N
03112016|202256|1284|-944|15940N
03112016|202259|1312|-960|15960N
03112016|202301|1324|-960|15892N
03112016|202303|1372|-844|15964N
03112016|202305|1416|-896|15964N
03112016|202307|1396|-920|15880N
03112016|202309|1256|-956|16024N
03112016|202311|1264|-1056|15952N
03112016|202313|1376|-852|15932N
03112016|202315|1336|-816|15896N
03112016|202317|1244|-808|15928N
03112016|202319|1324|-968|15876N
03112016|202321|1308|-908|15776N
03112016|202323|1452|-936|15892N
03112016|202325|1404|-916|15852N
03112016|202327|1340|-880|15976N
03112016|202329|1348|-792|15784N
03112016|202331|1360|-900|15908N
03112016|202333|1396|-996|15932N
03112016|202335|1356|-812|15972N
03112016|202337|1368|-976|15844N
03112016|202339|1432|-964|15776N
03112016|202341|1356|-1016|16008N
03112016|202343|1316|-988|16100N
03112016|202345|1440|-976|15804N
03112016|202347|1380|-872|15888N
03112016|202349|1392|-872|15952N
03112016|202351|1312|-988|15868N
03112016|202353|1284|-968|15820N
03112016|202355|1380|-884|15976N
03112016|202357|1352|-956|15984N
03112016|202359|1316|-928|15908N
03112016|202401|1456|-920|15908N
03112016|202403|1320|-884|15784N
03112016|202405|1276|-960|15972N
03112016|202407|1276|-904|15832N
03112016|202409|1372|-1020|15820N
03112016|202411|1296|-876|15860N
03112016|202413|1264|-852|15880N
03112016|202416|1316|-848|15996N
03112016|202418|1200|-912|15860N
03112016|202420|1400|-864|15932N
03112016|202422|1372|-984|15848N
03112016|202424|1204|-932|15752N
03112016|202426|1368|-856|15832N
03112016|202428|1364|-888|15884N
03112016|202430|1336|-916|16060N
03112016|202432|1336|-1032|15976N
03112016|202434|1428|-968|15912N
03112016|202436|1352|-952|15964N
03112016|202438|1260|-972|15896N
03112016|202440|1328|-920|15844N
03112016|202442|1444|-872|15880N
03112016|202444|1256|-920|15920N
03112016|202446|1440|-916|15944N
03112016|202448|1404|-896|15868N
03112016|202450|1348|-856|15916N
03112016|202452|1332|-944|15996N
03112016|202454|1368|-1008|15832N
03112016|202456|1424|-932|15920N
03112016|202458|1396|-1012|15980N
03112016|202500|1388|-916|15920N
03112016|202502|1356|-896|15928N
03112016|202504|1356|-976|15956N
03112016|202506|1260|-996|15936N
03112016|202508|1380|-948|16044N
03112016|202510|1412|-1028|15872N
03112016|202512|1276|-936|15944N
03112016|202514|1404|-1028|15936N
03112016|202516|1420|-984|15884N
03112016|202518|1280|-888|15944N
03112016|202520|1480|-988|15984N
03112016|202522|1420|-968|15996N
03112016|202524|1392|-984|15952N
03112016|202526|1324|-1076|15988N
03112016|202528|1340|-980|15836N
03112016|202530|1404|-900|15844N
03112016|202532|1380|-1036|15884N
03112016|202535|1444|-912|15908N
03112016|202537|1368|-1028|15872N
03112016|202539|1452|-888|15904N
03112016|202541|1500|-992|15880N
03112016|202543|1328|-936|15856N
03112016|202545|1468|-976|15756N
03112016|202547|1376|-860|15924N
03112016|202549|1348|-1036|15912N
03112016|202551|1428|-964|15928N
03112016|202553|1276|-1008|15836N
03112016|202555|1408|-992|15896N
03112016|202557|1332|-940|15892N
03112016|202559|1348|-868|15916N
03112016|202601|1368|-932|15884N
03112016|202603|1456|-996|16028N
03112016|202605|1388|-968|15812N
03112016|202607|1408|-784|15924N
03112016|202609|1452|-980|15944N
03112016|202611|1404|-1080|15964N
03112016|202613|1424|-1052|15884N
03112016|202615|1388|-1028|15968N
03112016|202617|1352|-1040|15868N
03112016|202619|1352|-1072|16040N
03112016|202621|1464|-888|15996N
03112016|202623|1468|-932|15856N
03112016|202625|1412|-964|16016N
03112016|202627|1284|-968|15868N
03112016|202629|1428|-1044|15908N
03112016|202631|1348|-1016|15908N
03112016|202633|1372|-920|15884N
03112016|202635|1392|-1028|15848N
03112016|202637|1320|-932|15796N
03112016|202639|1408|-920|15788N
03112016|202641|1392|-1064|16008N
03112016|202643|1376|-1036|15916N
03112016|202645|1312|-988|15832N
03112016|202647|1364|-1028|15856N
03112016|202650|1316|-888|15828N
03112016|202652|1328|-944|15820N
03112016|202654|1324|-1032|15848N
03112016|202656|1464|-1072|16040N
03112016|202658|1260|-956|15912N
03112016|202700|1308|-996|15936N
03112016|202702|1364|-956|15900N
03112016|202704|1340|-1016|15880N
03112016|202706|1380|-1136|15960N
03112016|202708|1364|-932|15812N
03112016|202710|1420|-988|15908N
03112016|202712|1380|-960|15948N
03112016|202714|1280|-924|15956N
03112016|202716|1388|-1008|15860N
03112016|202718|1364|-1032|15928N
03112016|202720|1316|-1000|15952N
03112016|202722|1440|-1076|15956N
03112016|202724|1380|-1048|15824N
03112016|202726|1380|-976|15984N
03112016|202728|1416|-1048|15972N
03112016|202730|1460|-956|15988N
03112016|202732|1368|-992|15828N
03112016|202734|1388|-948|15872N
03112016|202736|1404|-1008|15888N
03112016|202738|1308|-960|15904N
03112016|202740|1304|-1024|15876N
03112016|202742|1400|-1044|15932N
03112016|202744|1508|-948|15872N
03112016|202746|1384|-924|15880N
03112016|202748|1304|-936|15772N
03112016|202750|1408|-916|15932N
03112016|202752|1432|-1004|15828N
03112016|202754|1312|-1024|15920N
03112016|202756|1404|-1016|15688N
03112016|202758|1308|-996|15952N
03112016|202800|1348|-980|15892N
03112016|202802|1256|-1088|16020N
03112016|202804|1284|-900|16060N
03112016|202806|1312|-924|15872N
03112016|202809|1340|-996|15924N
03112016|202811|1452|-1044|15944N
03112016|202813|1388|-968|15756N
03112016|202815|1352|-1108|15944N
03112016|202817|1380|-1080|16000N
03112016|202819|1416|-992|15952N
03112016|202821|1340|-1036|15928N
03112016|202823|1360|-1084|15956N
03112016|202825|1420|-948|16040N
03112016|202827|1240|-1028|15840N
03112016|202829|1328|-964|15936N
03112016|202831|1260|-896|15780N
03112016|202833|1368|-980|15948N
03112016|202835|1372|-1004|15932N
03112016|202837|1384|-932|15884N
03112016|202839|1300|-976|15980N
03112016|202841|1304|-1024|15916N
03112016|202843|1356|-964|16132N
03112016|202845|1316|-976|15944N
03112016|202847|1436|-1068|15732N
03112016|202849|1344|-1000|15916N
03112016|202851|1332|-928|16036N
03112016|202853|1472|-968|15912N
03112016|202855|1284|-972|15872N
03112016|202857|1344|-1020|15860N
03112016|202859|1368|-996|15880N
03112016|202901|1376|-1048|15824N
03112016|202903|1388|-968|15940N
03112016|202905|1340|-1016|15892N
03112016|202907|1336|-976|15892N
03112016|202909|1392|-972|15888N
03112016|202911|1340|-988|16028N
03112016|202913|1380|-956|15784N
03112016|202915|1296|-1016|15944N
03112016|202917|1416|-1084|16060N
03112016|202919|1396|-1052|16032N
03112016|202921|1380|-980|15904N
03112016|202923|1384|-984|15988N
03112016|202926|1336|-1028|15908N
03112016|202928|1416|-984|15816N
03112016|202930|1360|-1008|15788N
03112016|202932|1344|-976|15876N
03112016|202934|1248|-1036|15900N
03112016|202936|1352|-1052|16012N
03112016|202938|1400|-1020|15824N
03112016|202940|1356|-1016|15964N
03112016|202942|1396|-1016|15876N
03112016|202944|1344|-920|15996N
03112016|202946|1404|-976|16020N
03112016|202948|1296|-952|15868N
03112016|202950|1348|-960|15916N
03112016|202952|1348|-848|15764N
03112016|202954|1340|-1112|15892N
03112016|202956|1340|-964|15860N
03112016|203001|1304|-944|15924N
03112016|203003|1376|-964|15972N
03112016|203006|1308|-852|15804N
03112016|203008|1236|-1084|16172N
03112016|203010|1328|-1040|15996N
03112016|203012|1412|-1016|15940N
03112016|203014|1416|-928|16020N
03112016|203016|1372|-976|15864N
03112016|203018|1348|-1016|15976N
03112016|203020|1432|-1040|16080N
03112016|203022|1436|-1012|15924N
